; FBX 7.7.0 project file
; ----------------------------------------------------

FBXHeaderExtension:  {
	FBXHeaderVersion: 1004
	FBXVersion: 7700
	CreationTimeStamp:  {
		Version: 1000
		Year: 2025
		Month: 4
		Day: 23
		Hour: 16
		Minute: 48
		Second: 26
		Millisecond: 484
	}
	Creator: "FBX SDK/FBX Plugins version 2020.3.5"
	OtherFlags:  {
		TCDefinition: 127
	}
	SceneInfo: "SceneInfo::GlobalInfo", "UserData" {
		Type: "UserData"
		Version: 100
		MetaData:  {
			Version: 100
			Title: ""
			Subject: ""
			Author: ""
			Keywords: ""
			Revision: ""
			Comment: ""
		}
		Properties70:  {
			P: "DocumentUrl", "KString", "Url", "", "D:\Dropbox\Unity\Cute Series\Assets\Modular Dark Wizard Chibi Series\FBX\No Root Setup\Dark Wizard@Idle.fbx"
			P: "SrcDocumentUrl", "KString", "Url", "", "D:\Dropbox\Unity\Cute Series\Assets\Modular Dark Wizard Chibi Series\FBX\No Root Setup\Dark Wizard@Idle.fbx"
			P: "Original", "Compound", "", ""
			P: "Original|ApplicationVendor", "KString", "", "", "Autodesk"
			P: "Original|ApplicationName", "KString", "", "", "3ds Max"
			P: "Original|ApplicationVersion", "KString", "", "", "2025"
			P: "Original|DateTime_GMT", "DateTime", "", "", "23/04/2025 08:48:26.484"
			P: "Original|FileName", "KString", "", "", "D:\Dropbox\Unity\Cute Series\Assets\Modular Dark Wizard Chibi Series\FBX\No Root Setup\Dark Wizard@Idle.fbx"
			P: "LastSaved", "Compound", "", ""
			P: "LastSaved|ApplicationVendor", "KString", "", "", "Autodesk"
			P: "LastSaved|ApplicationName", "KString", "", "", "3ds Max"
			P: "LastSaved|ApplicationVersion", "KString", "", "", "2025"
			P: "LastSaved|DateTime_GMT", "DateTime", "", "", "23/04/2025 08:48:26.484"
			P: "Original|ApplicationActiveProject", "KString", "", "", "D:\Dropbox\3D\Stock_Characters\Modular Dark Wizard Chibi Series"
			P: "Original|ApplicationNativeFile", "KString", "", "", "D:\Dropbox\3D\Stock_Characters\Modular Dark Wizard Chibi Series\scenes\Dark Wizard@Idle.max"
		}
	}
}
GlobalSettings:  {
	Version: 1000
	Properties70:  {
		P: "UpAxis", "int", "Integer", "",1
		P: "UpAxisSign", "int", "Integer", "",1
		P: "FrontAxis", "int", "Integer", "",2
		P: "FrontAxisSign", "int", "Integer", "",1
		P: "CoordAxis", "int", "Integer", "",0
		P: "CoordAxisSign", "int", "Integer", "",1
		P: "OriginalUpAxis", "int", "Integer", "",2
		P: "OriginalUpAxisSign", "int", "Integer", "",1
		P: "UnitScaleFactor", "double", "Number", "",1
		P: "OriginalUnitScaleFactor", "double", "Number", "",1
		P: "AmbientColor", "ColorRGB", "Color", "",0,0,0
		P: "DefaultCamera", "KString", "", "", "Producer Front"
		P: "TimeMode", "enum", "", "",6
		P: "TimeProtocol", "enum", "", "",2
		P: "SnapOnFrameMode", "enum", "", "",0
		P: "TimeSpanStart", "KTime", "Time", "",0
		P: "TimeSpanStop", "KTime", "Time", "",46186158000
		P: "CustomFrameRate", "double", "Number", "",-1
		P: "TimeMarker", "Compound", "", ""
		P: "CurrentTimeMarker", "int", "Integer", "",-1
	}
}

; Documents Description
;------------------------------------------------------------------

Documents:  {
	Count: 1
	Document: 1942660655760, "", "Scene" {
		Properties70:  {
			P: "SourceObject", "object", "", ""
			P: "ActiveAnimStackName", "KString", "", "", ""
		}
		RootNode: 0
	}
}

; Document References
;------------------------------------------------------------------

References:  {
}

; Object definitions
;------------------------------------------------------------------

Definitions:  {
	Version: 100
	Count: 414
	ObjectType: "GlobalSettings" {
		Count: 1
	}
	ObjectType: "AnimationStack" {
		Count: 1
		PropertyTemplate: "FbxAnimStack" {
			Properties70:  {
				P: "Description", "KString", "", "", ""
				P: "LocalStart", "KTime", "Time", "",0
				P: "LocalStop", "KTime", "Time", "",0
				P: "ReferenceStart", "KTime", "Time", "",0
				P: "ReferenceStop", "KTime", "Time", "",0
			}
		}
	}
	ObjectType: "AnimationLayer" {
		Count: 1
		PropertyTemplate: "FbxAnimLayer" {
			Properties70:  {
				P: "Weight", "Number", "", "A",100
				P: "Mute", "bool", "", "",0
				P: "Solo", "bool", "", "",0
				P: "Lock", "bool", "", "",0
				P: "Color", "ColorRGB", "Color", "",0.8,0.8,0.8
				P: "BlendMode", "enum", "", "",0
				P: "RotationAccumulationMode", "enum", "", "",0
				P: "ScaleAccumulationMode", "enum", "", "",0
				P: "BlendModeBypass", "ULongLong", "", "",0
			}
		}
	}
	ObjectType: "Model" {
		Count: 28
		PropertyTemplate: "FbxNode" {
			Properties70:  {
				P: "QuaternionInterpolate", "enum", "", "",0
				P: "RotationOffset", "Vector3D", "Vector", "",0,0,0
				P: "RotationPivot", "Vector3D", "Vector", "",0,0,0
				P: "ScalingOffset", "Vector3D", "Vector", "",0,0,0
				P: "ScalingPivot", "Vector3D", "Vector", "",0,0,0
				P: "TranslationActive", "bool", "", "",0
				P: "TranslationMin", "Vector3D", "Vector", "",0,0,0
				P: "TranslationMax", "Vector3D", "Vector", "",0,0,0
				P: "TranslationMinX", "bool", "", "",0
				P: "TranslationMinY", "bool", "", "",0
				P: "TranslationMinZ", "bool", "", "",0
				P: "TranslationMaxX", "bool", "", "",0
				P: "TranslationMaxY", "bool", "", "",0
				P: "TranslationMaxZ", "bool", "", "",0
				P: "RotationOrder", "enum", "", "",0
				P: "RotationSpaceForLimitOnly", "bool", "", "",0
				P: "RotationStiffnessX", "double", "Number", "",0
				P: "RotationStiffnessY", "double", "Number", "",0
				P: "RotationStiffnessZ", "double", "Number", "",0
				P: "AxisLen", "double", "Number", "",10
				P: "PreRotation", "Vector3D", "Vector", "",0,0,0
				P: "PostRotation", "Vector3D", "Vector", "",0,0,0
				P: "RotationActive", "bool", "", "",0
				P: "RotationMin", "Vector3D", "Vector", "",0,0,0
				P: "RotationMax", "Vector3D", "Vector", "",0,0,0
				P: "RotationMinX", "bool", "", "",0
				P: "RotationMinY", "bool", "", "",0
				P: "RotationMinZ", "bool", "", "",0
				P: "RotationMaxX", "bool", "", "",0
				P: "RotationMaxY", "bool", "", "",0
				P: "RotationMaxZ", "bool", "", "",0
				P: "InheritType", "enum", "", "",0
				P: "ScalingActive", "bool", "", "",0
				P: "ScalingMin", "Vector3D", "Vector", "",0,0,0
				P: "ScalingMax", "Vector3D", "Vector", "",1,1,1
				P: "ScalingMinX", "bool", "", "",0
				P: "ScalingMinY", "bool", "", "",0
				P: "ScalingMinZ", "bool", "", "",0
				P: "ScalingMaxX", "bool", "", "",0
				P: "ScalingMaxY", "bool", "", "",0
				P: "ScalingMaxZ", "bool", "", "",0
				P: "GeometricTranslation", "Vector3D", "Vector", "",0,0,0
				P: "GeometricRotation", "Vector3D", "Vector", "",0,0,0
				P: "GeometricScaling", "Vector3D", "Vector", "",1,1,1
				P: "MinDampRangeX", "double", "Number", "",0
				P: "MinDampRangeY", "double", "Number", "",0
				P: "MinDampRangeZ", "double", "Number", "",0
				P: "MaxDampRangeX", "double", "Number", "",0
				P: "MaxDampRangeY", "double", "Number", "",0
				P: "MaxDampRangeZ", "double", "Number", "",0
				P: "MinDampStrengthX", "double", "Number", "",0
				P: "MinDampStrengthY", "double", "Number", "",0
				P: "MinDampStrengthZ", "double", "Number", "",0
				P: "MaxDampStrengthX", "double", "Number", "",0
				P: "MaxDampStrengthY", "double", "Number", "",0
				P: "MaxDampStrengthZ", "double", "Number", "",0
				P: "PreferedAngleX", "double", "Number", "",0
				P: "PreferedAngleY", "double", "Number", "",0
				P: "PreferedAngleZ", "double", "Number", "",0
				P: "LookAtProperty", "object", "", ""
				P: "UpVectorProperty", "object", "", ""
				P: "Show", "bool", "", "",1
				P: "NegativePercentShapeSupport", "bool", "", "",1
				P: "DefaultAttributeIndex", "int", "Integer", "",-1
				P: "Freeze", "bool", "", "",0
				P: "LODBox", "bool", "", "",0
				P: "Lcl Translation", "Lcl Translation", "", "A",0,0,0
				P: "Lcl Rotation", "Lcl Rotation", "", "A",0,0,0
				P: "Lcl Scaling", "Lcl Scaling", "", "A",1,1,1
				P: "Visibility", "Visibility", "", "A",1
				P: "Visibility Inheritance", "Visibility Inheritance", "", "",1
			}
		}
	}
	ObjectType: "Geometry" {
		Count: 1
		PropertyTemplate: "FbxMesh" {
			Properties70:  {
				P: "Color", "ColorRGB", "Color", "",0.8,0.8,0.8
				P: "BBoxMin", "Vector3D", "Vector", "",0,0,0
				P: "BBoxMax", "Vector3D", "Vector", "",0,0,0
				P: "Primary Visibility", "bool", "", "",1
				P: "Casts Shadows", "bool", "", "",1
				P: "Receive Shadows", "bool", "", "",1
			}
		}
	}
	ObjectType: "Material" {
		Count: 1
		PropertyTemplate: "FbxSurfaceMaterial" {
			Properties70:  {
				P: "ShadingModel", "KString", "", "", "Unknown"
				P: "MultiLayer", "bool", "", "",0
			}
		}
	}
	ObjectType: "Implementation" {
		Count: 1
		PropertyTemplate: "FbxImplementation" {
			Properties70:  {
				P: "ShaderLanguage", "KString", "", "", "MentalRaySL"
				P: "ShaderLanguageVersion", "KString", "", "", ""
				P: "RenderAPI", "KString", "", "", "MentalRay"
				P: "RenderAPIVersion", "KString", "", "", ""
				P: "RootBindingName", "KString", "", "", ""
				P: "Constants", "Compound", "", ""
			}
		}
	}
	ObjectType: "BindingTable" {
		Count: 1
		PropertyTemplate: "FbxBindingTable" {
			Properties70:  {
				P: "TargetName", "KString", "", "", ""
				P: "TargetType", "KString", "", "", ""
				P: "CodeAbsoluteURL", "KString", "XRefUrl", "", ""
				P: "CodeRelativeURL", "KString", "XRefUrl", "", ""
				P: "CodeTAG", "KString", "", "", "shader"
				P: "DescAbsoluteURL", "KString", "XRefUrl", "", ""
				P: "DescRelativeURL", "KString", "XRefUrl", "", ""
				P: "DescTAG", "KString", "", "", "shader"
			}
		}
	}
	ObjectType: "NodeAttribute" {
		Count: 27
		PropertyTemplate: "FbxNull" {
			Properties70:  {
				P: "Color", "ColorRGB", "Color", "",0.8,0.8,0.8
				P: "Size", "double", "Number", "",100
				P: "Look", "enum", "", "",1
			}
		}
	}
	ObjectType: "AnimationCurve" {
		Count: 243
	}
	ObjectType: "AnimationCurveNode" {
		Count: 81
		PropertyTemplate: "FbxAnimCurveNode" {
			Properties70:  {
				P: "d", "Compound", "", ""
			}
		}
	}
	ObjectType: "Deformer" {
		Count: 27
	}
	ObjectType: "Pose" {
		Count: 1
	}
}

; Object properties
;------------------------------------------------------------------

Objects:  {
	Model: 1943202651648, "Model::Dark Wizard", "Mesh" {
		Version: 232
		Properties70:  {
			P: "PreRotation", "Vector3D", "Vector", "",-90,-0,0
			P: "RotationActive", "bool", "", "",1
			P: "InheritType", "enum", "", "",1
			P: "ScalingMax", "Vector3D", "Vector", "",0,0,0
			P: "DefaultAttributeIndex", "int", "Integer", "",0
			P: "Freeze", "bool", "", "",1
			P: "Lcl Translation", "Lcl Translation", "", "A",0,0,-3.74155115423491e-06
			P: "MaxHandle", "int", "Integer", "UH",8
		}
		Shading: T
		Culling: "CullingOff"
	}
	Model: 1943508846384, "Model::Rig", "Null" {
		Version: 232
		Properties70:  {
			P: "PreRotation", "Vector3D", "Vector", "",-90,-0,0
			P: "RotationActive", "bool", "", "",1
			P: "InheritType", "enum", "", "",1
			P: "ScalingMax", "Vector3D", "Vector", "",0,0,0
			P: "DefaultAttributeIndex", "int", "Integer", "",0
			P: "Lcl Rotation", "Lcl Rotation", "", "A+",-179.999991348579,-89.9999906653324,0
			P: "MaxHandle", "int", "Integer", "UH",35
		}
		Shading: T
		Culling: "CullingOff"
	}
	Model: 1943508850768, "Model::RigPelvis", "LimbNode" {
		Version: 232
		Properties70:  {
			P: "PreRotation", "Vector3D", "Vector", "",-90,-0,0
			P: "RotationActive", "bool", "", "",1
			P: "InheritType", "enum", "", "",1
			P: "ScalingMax", "Vector3D", "Vector", "",0,0,0
			P: "DefaultAttributeIndex", "int", "Integer", "",0
			P: "Lcl Translation", "Lcl Translation", "", "A+",-3.89740149875362e-12,51.7174186706543,-1.34858055389486e-05
			P: "Lcl Rotation", "Lcl Rotation", "", "A+",-99.0003487566315,-88.9472559095666,-90.0003717551038
			P: "MaxHandle", "int", "Integer", "UH",36
		}
		Shading: T
		Culling: "CullingOff"
	}
	Model: 1943508839808, "Model::RigSpine1", "LimbNode" {
		Version: 232
		Properties70:  {
			P: "InheritType", "enum", "", "",1
			P: "ScalingMax", "Vector3D", "Vector", "",0,0,0
			P: "Show", "bool", "", "",0
			P: "DefaultAttributeIndex", "int", "Integer", "",0
			P: "Lcl Translation", "Lcl Translation", "", "A+",3.15733337402344,-7.45596647262573,5.81145286560059e-07
			P: "Lcl Rotation", "Lcl Rotation", "", "A+",0.323179961057988,1.91906182959971,9.68908789744308
			P: "MaxHandle", "int", "Integer", "UH",38
		}
		Shading: T
		Culling: "CullingOff"
	}
	Model: 1943508848576, "Model::RigSpine2", "LimbNode" {
		Version: 232
		Properties70:  {
			P: "InheritType", "enum", "", "",1
			P: "ScalingMax", "Vector3D", "Vector", "",0,0,0
			P: "Show", "bool", "", "",0
			P: "DefaultAttributeIndex", "int", "Integer", "",0
			P: "Lcl Translation", "Lcl Translation", "", "A+",10.3968734741211,0,-1.19209289550781e-07
			P: "Lcl Rotation", "Lcl Rotation", "", "A+",-0.963011327436047,-0.0773499819813558,-13.2291074467696
			P: "MaxHandle", "int", "Integer", "UH",43
		}
		Shading: T
		Culling: "CullingOff"
	}
	Model: 1943508852960, "Model::RigRibcage", "LimbNode" {
		Version: 232
		Properties70:  {
			P: "InheritType", "enum", "", "",1
			P: "ScalingMax", "Vector3D", "Vector", "",0,0,0
			P: "DefaultAttributeIndex", "int", "Integer", "",0
			P: "Lcl Translation", "Lcl Translation", "", "A+",11.9087524414062,2.38418579101562e-07,1.19209289550781e-07
			P: "Lcl Rotation", "Lcl Rotation", "", "A+",-0.0773431247452555,-2.29004068284988,-4.48624834896198
			P: "MaxHandle", "int", "Integer", "UH",37
		}
		Shading: T
		Culling: "CullingOff"
	}
	Model: 1943508855152, "Model::RigNeck", "LimbNode" {
		Version: 232
		Properties70:  {
			P: "InheritType", "enum", "", "",1
			P: "ScalingMax", "Vector3D", "Vector", "",0,0,0
			P: "Show", "bool", "", "",0
			P: "DefaultAttributeIndex", "int", "Integer", "",0
			P: "Lcl Translation", "Lcl Translation", "", "A+",6.65098571777344,-0.965225696563721,1.19209289550781e-07
			P: "Lcl Rotation", "Lcl Rotation", "", "A+",5.49875760127507,-2.92530208006064,23.2692041545109
			P: "MaxHandle", "int", "Integer", "UH",45
		}
		Shading: T
		Culling: "CullingOff"
	}
	Model: 1943508842000, "Model::RigHead", "LimbNode" {
		Version: 232
		Properties70:  {
			P: "InheritType", "enum", "", "",1
			P: "ScalingMax", "Vector3D", "Vector", "",0,0,0
			P: "DefaultAttributeIndex", "int", "Integer", "",0
			P: "Lcl Translation", "Lcl Translation", "", "A+",11.7494888305664,-1.9073486328125e-06,0
			P: "Lcl Rotation", "Lcl Rotation", "", "A+",6.5642808127238,1.54169821025754,-13.5740975707812
			P: "MaxHandle", "int", "Integer", "UH",44
		}
		Shading: T
		Culling: "CullingOff"
	}
	Model: 1943508857344, "Model::RigLArm1", "LimbNode" {
		Version: 232
		Properties70:  {
			P: "InheritType", "enum", "", "",1
			P: "ScalingMax", "Vector3D", "Vector", "",0,0,0
			P: "DefaultAttributeIndex", "int", "Integer", "",0
			P: "Lcl Translation", "Lcl Translation", "", "A+",-2.46815490722656,4.72690439224243,37.9321632385254
			P: "Lcl Rotation", "Lcl Rotation", "", "A+",156.416772548127,-59.9359540934847,-149.839056633146
			P: "MaxHandle", "int", "Integer", "UH",57
		}
		Shading: T
		Culling: "CullingOff"
	}
	Model: 1943508844192, "Model::RigLArm2", "LimbNode" {
		Version: 232
		Properties70:  {
			P: "InheritType", "enum", "", "",1
			P: "ScalingMax", "Vector3D", "Vector", "",0,0,0
			P: "DefaultAttributeIndex", "int", "Integer", "",0
			P: "Lcl Translation", "Lcl Translation", "", "A+",14.6692180633545,-2.38418579101562e-07,7.62939453125e-06
			P: "Lcl Rotation", "Lcl Rotation", "", "A+",-1.6816905496092,-5.37546057391009,37.708301507659
			P: "Lcl Scaling", "Lcl Scaling", "", "A+",1.000001,1,1
			P: "MaxHandle", "int", "Integer", "UH",58
		}
		Shading: T
		Culling: "CullingOff"
	}
	Model: 1943508859536, "Model::RigLArmPalm", "LimbNode" {
		Version: 232
		Properties70:  {
			P: "InheritType", "enum", "", "",1
			P: "ScalingMax", "Vector3D", "Vector", "",0,0,0
			P: "DefaultAttributeIndex", "int", "Integer", "",0
			P: "Lcl Translation", "Lcl Translation", "", "A+",16.741304397583,0,0
			P: "Lcl Rotation", "Lcl Rotation", "", "A+",-90.6132334512161,2.36958657919707,-0.88530108559198
			P: "Lcl Scaling", "Lcl Scaling", "", "A+",1.000002,1,0.999998
			P: "MaxHandle", "int", "Integer", "UH",56
		}
		Shading: T
		Culling: "CullingOff"
	}
	Model: 1943508863920, "Model::RigLArmThumb1", "LimbNode" {
		Version: 232
		Properties70:  {
			P: "InheritType", "enum", "", "",1
			P: "ScalingMax", "Vector3D", "Vector", "",0,0,0
			P: "Show", "bool", "", "",0
			P: "DefaultAttributeIndex", "int", "Integer", "",0
			P: "Lcl Translation", "Lcl Translation", "", "A+",3.69668579101562,-0.793807983398438,9.06841850280762
			P: "Lcl Rotation", "Lcl Rotation", "", "A+",69.854030475892,-27.6009978024064,-80.2348054689548
			P: "Lcl Scaling", "Lcl Scaling", "", "A+",1.00001,1.000001,0.99999
			P: "MaxHandle", "int", "Integer", "UH",59
		}
		Shading: T
		Culling: "CullingOff"
	}
	Model: 1943508861728, "Model::RigLArmThumb2", "LimbNode" {
		Version: 232
		Properties70:  {
			P: "InheritType", "enum", "", "",1
			P: "ScalingMax", "Vector3D", "Vector", "",0,0,0
			P: "Show", "bool", "", "",0
			P: "DefaultAttributeIndex", "int", "Integer", "",0
			P: "Lcl Translation", "Lcl Translation", "", "A+",3.00000381469727,0,1.9073486328125e-06
			P: "Lcl Rotation", "Lcl Rotation", "", "A+",-1.90159413698993,6.46982966271582,-11.3296118591852
			P: "Lcl Scaling", "Lcl Scaling", "", "A+",1.000015,1,0.999987
			P: "MaxHandle", "int", "Integer", "UH",60
		}
		Shading: T
		Culling: "CullingOff"
	}
	Model: 1943508868304, "Model::RigLArmThumb3", "LimbNode" {
		Version: 232
		Properties70:  {
			P: "InheritType", "enum", "", "",1
			P: "ScalingMax", "Vector3D", "Vector", "",0,0,0
			P: "Show", "bool", "", "",0
			P: "DefaultAttributeIndex", "int", "Integer", "",0
			P: "Lcl Translation", "Lcl Translation", "", "A+",4.03901672363281,0,-1.9073486328125e-06
			P: "Lcl Rotation", "Lcl Rotation", "", "A+",3.01824187242241,-6.03200214900746,-31.7348484968944
			P: "Lcl Scaling", "Lcl Scaling", "", "A+",1.000034,0.999995,0.999973
			P: "MaxHandle", "int", "Integer", "UH",61
		}
		Shading: T
		Culling: "CullingOff"
	}
	Model: 1943508866112, "Model::RigLArmIndex1", "LimbNode" {
		Version: 232
		Properties70:  {
			P: "InheritType", "enum", "", "",1
			P: "ScalingMax", "Vector3D", "Vector", "",0,0,0
			P: "Show", "bool", "", "",0
			P: "DefaultAttributeIndex", "int", "Integer", "",0
			P: "Lcl Translation", "Lcl Translation", "", "A+",12.8787117004395,0,0
			P: "Lcl Rotation", "Lcl Rotation", "", "A+",-0.00011099078763848,3.2443115454243e-05,-50.5980458935255
			P: "Lcl Scaling", "Lcl Scaling", "", "A+",1.000009,0.999998,0.999994
			P: "MaxHandle", "int", "Integer", "UH",62
		}
		Shading: T
		Culling: "CullingOff"
	}
	Model: 1943511061168, "Model::RigLArmIndex2", "LimbNode" {
		Version: 232
		Properties70:  {
			P: "InheritType", "enum", "", "",1
			P: "ScalingMax", "Vector3D", "Vector", "",0,0,0
			P: "Show", "bool", "", "",0
			P: "DefaultAttributeIndex", "int", "Integer", "",0
			P: "Lcl Translation", "Lcl Translation", "", "A+",4.37690353393555,7.62939453125e-06,2.86102294921875e-06
			P: "Lcl Rotation", "Lcl Rotation", "", "A+",7.55592476445719e-05,-0.000115257456033289,-34.0470271584492
			P: "Lcl Scaling", "Lcl Scaling", "", "A+",1.000017,0.999996,0.999988
			P: "MaxHandle", "int", "Integer", "UH",63
		}
		Shading: T
		Culling: "CullingOff"
	}
	Model: 1943511052400, "Model::RigLArmIndex3", "LimbNode" {
		Version: 232
		Properties70:  {
			P: "InheritType", "enum", "", "",1
			P: "ScalingMax", "Vector3D", "Vector", "",0,0,0
			P: "Show", "bool", "", "",0
			P: "DefaultAttributeIndex", "int", "Integer", "",0
			P: "Lcl Translation", "Lcl Translation", "", "A+",4.83818817138672,0,-2.86102294921875e-06
			P: "Lcl Rotation", "Lcl Rotation", "", "A+",-2.6467119466471e-05,5.63472224920268e-05,-24.5516876429641
			P: "Lcl Scaling", "Lcl Scaling", "", "A+",1.000033,0.999995,0.999977
			P: "MaxHandle", "int", "Integer", "UH",64
		}
		Shading: T
		Culling: "CullingOff"
	}
	Model: 1943511063360, "Model::RigRArm1", "LimbNode" {
		Version: 232
		Properties70:  {
			P: "InheritType", "enum", "", "",1
			P: "ScalingMax", "Vector3D", "Vector", "",0,0,0
			P: "DefaultAttributeIndex", "int", "Integer", "",0
			P: "Lcl Translation", "Lcl Translation", "", "A+",-2.46814727783203,4.72690343856812,-37.9321403503418
			P: "Lcl Rotation", "Lcl Rotation", "", "A+",-155.189747143931,61.0294103460582,-138.41247401403
			P: "Lcl Scaling", "Lcl Scaling", "", "A+",1.000001,1,1
			P: "MaxHandle", "int", "Integer", "UH",65
		}
		Shading: T
		Culling: "CullingOff"
	}
	Model: 1943511058976, "Model::RigRArm2", "LimbNode" {
		Version: 232
		Properties70:  {
			P: "InheritType", "enum", "", "",1
			P: "ScalingMax", "Vector3D", "Vector", "",0,0,0
			P: "DefaultAttributeIndex", "int", "Integer", "",0
			P: "Lcl Translation", "Lcl Translation", "", "A+",14.6692199707031,-3.814697265625e-06,0
			P: "Lcl Rotation", "Lcl Rotation", "", "A+",32.4769030553897,-12.2871979551773,56.9205996845232
			P: "Lcl Scaling", "Lcl Scaling", "", "A+",1.000002,1.000001,1.000002
			P: "MaxHandle", "int", "Integer", "UH",66
		}
		Shading: T
		Culling: "CullingOff"
	}
	Model: 1943511065552, "Model::RigRArmPalm", "LimbNode" {
		Version: 232
		Properties70:  {
			P: "InheritType", "enum", "", "",1
			P: "ScalingMax", "Vector3D", "Vector", "",0,0,0
			P: "DefaultAttributeIndex", "int", "Integer", "",0
			P: "Lcl Translation", "Lcl Translation", "", "A+",16.7413101196289,0,0
			P: "Lcl Rotation", "Lcl Rotation", "", "A+",130.48739646557,-13.982046300406,-3.30297774038114
			P: "Lcl Scaling", "Lcl Scaling", "", "A+",0.999999,1.000006,1.000006
			P: "MaxHandle", "int", "Integer", "UH",67
		}
		Shading: T
		Culling: "CullingOff"
	}
	Model: 1943511067744, "Model::RigRArmThumb1", "LimbNode" {
		Version: 232
		Properties70:  {
			P: "InheritType", "enum", "", "",1
			P: "ScalingMax", "Vector3D", "Vector", "",0,0,0
			P: "Show", "bool", "", "",0
			P: "DefaultAttributeIndex", "int", "Integer", "",0
			P: "Lcl Translation", "Lcl Translation", "", "A+",3.69667434692383,-0.793819427490234,-9.06849670410156
			P: "Lcl Rotation", "Lcl Rotation", "", "A+",-86.2925834589385,45.5236475744286,-99.8661943707153
			P: "Lcl Scaling", "Lcl Scaling", "", "A+",0.99999,1.000007,1.000019
			P: "MaxHandle", "int", "Integer", "UH",68
		}
		Shading: T
		Culling: "CullingOff"
	}
	Model: 1943511054592, "Model::RigRArmThumb2", "LimbNode" {
		Version: 232
		Properties70:  {
			P: "InheritType", "enum", "", "",1
			P: "ScalingMax", "Vector3D", "Vector", "",0,0,0
			P: "Show", "bool", "", "",0
			P: "DefaultAttributeIndex", "int", "Integer", "",0
			P: "Lcl Translation", "Lcl Translation", "", "A+",2.99999809265137,0,0
			P: "Lcl Rotation", "Lcl Rotation", "", "A+",-6.26403009424636,-8.68544963647384,2.0510823726537
			P: "Lcl Scaling", "Lcl Scaling", "", "A+",0.999991,1.000014,1.000027
			P: "MaxHandle", "int", "Integer", "UH",69
		}
		Shading: T
		Culling: "CullingOff"
	}
	Model: 1943511056784, "Model::RigRArmThumb3", "LimbNode" {
		Version: 232
		Properties70:  {
			P: "InheritType", "enum", "", "",1
			P: "ScalingMax", "Vector3D", "Vector", "",0,0,0
			P: "Show", "bool", "", "",0
			P: "DefaultAttributeIndex", "int", "Integer", "",0
			P: "Lcl Translation", "Lcl Translation", "", "A+",4.03901672363281,7.62939453125e-06,0
			P: "Lcl Rotation", "Lcl Rotation", "", "A+",-5.79835873180079,1.51302653275727,-18.0484614708884
			P: "Lcl Scaling", "Lcl Scaling", "", "A+",0.999978,1.000035,1.000052
			P: "MaxHandle", "int", "Integer", "UH",70
		}
		Shading: T
		Culling: "CullingOff"
	}
	Model: 1943511076512, "Model::RigRArmIndex1", "LimbNode" {
		Version: 232
		Properties70:  {
			P: "InheritType", "enum", "", "",1
			P: "ScalingMax", "Vector3D", "Vector", "",0,0,0
			P: "Show", "bool", "", "",0
			P: "DefaultAttributeIndex", "int", "Integer", "",0
			P: "Lcl Translation", "Lcl Translation", "", "A+",12.8786849975586,0,-7.62939453125e-06
			P: "Lcl Rotation", "Lcl Rotation", "", "A+",3.35102072486027e-05,-0.000105441862054425,-48.4691341936858
			P: "Lcl Scaling", "Lcl Scaling", "", "A+",0.999992,1.000012,1.000012
			P: "MaxHandle", "int", "Integer", "UH",71
		}
		Shading: T
		Culling: "CullingOff"
	}
	Model: 1943511074320, "Model::RigRArmIndex2", "LimbNode" {
		Version: 232
		Properties70:  {
			P: "InheritType", "enum", "", "",1
			P: "ScalingMax", "Vector3D", "Vector", "",0,0,0
			P: "Show", "bool", "", "",0
			P: "DefaultAttributeIndex", "int", "Integer", "",0
			P: "Lcl Translation", "Lcl Translation", "", "A+",4.37690353393555,0,0
			P: "Lcl Rotation", "Lcl Rotation", "", "A+",-5.63480148384893e-05,0.000130201764418345,-31.9177549491515
			P: "Lcl Scaling", "Lcl Scaling", "", "A+",0.99999,1.000019,1.000023
			P: "MaxHandle", "int", "Integer", "UH",72
		}
		Shading: T
		Culling: "CullingOff"
	}
	Model: 1943511080896, "Model::RigRArmIndex3", "LimbNode" {
		Version: 232
		Properties70:  {
			P: "InheritType", "enum", "", "",1
			P: "ScalingMax", "Vector3D", "Vector", "",0,0,0
			P: "Show", "bool", "", "",0
			P: "DefaultAttributeIndex", "int", "Integer", "",0
			P: "Lcl Translation", "Lcl Translation", "", "A+",4.83819007873535,1.52587890625e-05,-7.62939453125e-06
			P: "Lcl Rotation", "Lcl Rotation", "", "A+",3.75647579968905e-05,-3.8847011562594e-05,-22.4218253128076
			P: "Lcl Scaling", "Lcl Scaling", "", "A+",0.999992,1.000034,1.000038
			P: "MaxHandle", "int", "Integer", "UH",73
		}
		Shading: T
		Culling: "CullingOff"
	}
	Model: 1943511069936, "Model::RigTail1", "LimbNode" {
		Version: 232
		Properties70:  {
			P: "InheritType", "enum", "", "",1
			P: "ScalingMax", "Vector3D", "Vector", "",0,0,0
			P: "DefaultAttributeIndex", "int", "Integer", "",0
			P: "Lcl Translation", "Lcl Translation", "", "A+",-3.91057968139648,2.38418579101562e-07,9.08970832824707e-07
			P: "Lcl Rotation", "Lcl Rotation", "", "A+",1.53497576237895,0.751795617912177,-179.527683663883
			P: "MaxHandle", "int", "Integer", "UH",50
		}
		Shading: T
		Culling: "CullingOff"
	}
	Model: 1943511072128, "Model::RigTail2", "LimbNode" {
		Version: 232
		Properties70:  {
			P: "InheritType", "enum", "", "",1
			P: "ScalingMax", "Vector3D", "Vector", "",0,0,0
			P: "DefaultAttributeIndex", "int", "Integer", "",0
			P: "Lcl Translation", "Lcl Translation", "", "A+",10.5106353759766,0,-3.57627868652344e-07
			P: "Lcl Rotation", "Lcl Rotation", "", "A+",-0.815713484793199,-1.70618333523488,2.69116853905089
			P: "MaxHandle", "int", "Integer", "UH",51
		}
		Shading: T
		Culling: "CullingOff"
	}
	Pose: 1942675193264, "Pose::BIND_POSES", "BindPose" {
		Type: "BindPose"
		Version: 100
		NbPoseNodes: 27
		PoseNode:  {
			Node: 1943202651648
			Matrix: *16 {
				a: 1,0,0,0,0,0,-1,0,0,1,0,0,0,0,-3.74155115423491e-06,1
			} 
		}
		PoseNode:  {
			Node: 1943508850768
			Matrix: *16 {
				a: -5.11434868251132e-14,1,-1.62920684942947e-07,0,1.50995788317232e-07,1.62920684942947e-07,1,0,1,2.65431495955881e-14,-1.50995788317232e-07,0,-3.89740149875362e-12,51.7174186706543,-1.34858055389486e-05,1
			} 
		}
		PoseNode:  {
			Node: 1943508839808
			Matrix: *16 {
				a: 5.20732737641083e-06,0.982222437858582,0.187720581889153,0,-1.45497961057117e-06,-0.187720581889153,0.982222437858582,0,1,-5.38787162440713e-06,4.51590437933191e-07,0,3.25907052456387e-07,54.8747482299805,-7.45597791671753,1
			} 
		}
		PoseNode:  {
			Node: 1943508848576
			Matrix: *16 {
				a: 5.38199356014957e-06,0.998553216457367,0.0537737309932709,0,-7.38885660211963e-07,-0.0537737309932709,0.998553216457367,0,1,-5.41392728337087e-06,4.48404790631685e-07,0,5.44658323633485e-05,65.0867919921875,-5.50427055358887,1
			} 
		}
		PoseNode:  {
			Node: 1943508852960
			Matrix: *16 {
				a: -5.11434868251132e-14,1,-1.62920684942947e-07,0,1.50995788317232e-07,1.62920684942947e-07,1,0,1,2.65431495955881e-14,-1.50995788317232e-07,0,0.000118558622489218,76.9783096313477,-4.86389303207397,1
			} 
		}
		PoseNode:  {
			Node: 1943508855152
			Matrix: *16 {
				a: -1.39756819450554e-08,0.947511315345764,0.319722294807434,0,1.5329021607613e-07,-0.319722294807434,0.947511315345764,0,1,6.22525320181921e-08,-1.40775810564264e-07,0,0.000118600815767422,83.6292877197266,-5.82912063598633,1
			} 
		}
		PoseNode:  {
			Node: 1943508842000
			Matrix: *16 {
				a: -5.11434868251132e-14,1,-1.62920684942947e-07,0,1.50995788317232e-07,1.62920684942947e-07,1,0,1,2.65431495955881e-14,-1.50995788317232e-07,0,0.000118436611955985,94.7620697021484,-2.07254338264465,1
			} 
		}
		PoseNode:  {
			Node: 1943508857344
			Matrix: *16 {
				a: 0.9969162940979,0.0321945659816265,-0.0715642720460892,0,0.0705249309539795,0.0323377698659897,0.996985733509064,0,0.0344117507338524,-0.998958349227905,0.0299675259739161,0,37.9322738647461,74.5101623535156,-0.136992931365967,1
			} 
		}
		PoseNode:  {
			Node: 1943508844192
			Matrix: *16 {
				a: 0.997772455215454,-0.0598069429397583,0.0295500066131353,0,-0.0293500758707523,0.00421879254281521,0.999560296535492,0,-0.0599053129553795,-0.998201012611389,0.00245404988527298,0,52.5562553405762,74.9824295043945,-1.1867847442627,1
			} 
		}
		PoseNode:  {
			Node: 1943508859536
			Matrix: *16 {
				a: 0.999721527099609,-0.0235965251922607,2.05997639568523e-06,0,0.0235965624451637,0.999721527099609,2.23051756620407e-07,0,2.11704173125327e-06,-1.67638063430786e-08,1,0,69.2602691650391,73.9811859130859,-0.692079067230225,1
			} 
		}
		PoseNode:  {
			Node: 1943508863920
			Matrix: *16 {
				a: 0.46010833978653,-0.636543989181519,0.618962287902832,0,0.234959661960602,0.759576737880707,0.606496810913086,0,-0.856209099292755,-0.133623257279396,0.499046236276627,0,72.9372024536133,73.1003646850586,8.37635040283203,1
			} 
		}
		PoseNode:  {
			Node: 1943508861728
			Matrix: *16 {
				a: 0.591207921504974,-0.472796320915222,0.653406262397766,0,0.141348570585251,0.858354389667511,0.493202865123749,0,-0.794036149978638,-0.199227601289749,0.57429176568985,0,74.3175277709961,71.1907348632812,10.2332372665405,1
			} 
		}
		PoseNode:  {
			Node: 1943508868304
			Matrix: *16 {
				a: 0.460108309984207,-0.636543989181519,0.618962228298187,0,0.234959661960602,0.759576737880707,0.606496870517731,0,-0.85620903968811,-0.133623272180557,0.499046266078949,0,76.7054214477539,69.2811050415039,12.872353553772,1
			} 
		}
		PoseNode:  {
			Node: 1943508866112
			Matrix: *16 {
				a: 0.861173033714294,-0.508311867713928,4.87116267322563e-07,0,0.508311867713928,0.861173033714294,-4.07714651373681e-07,0,3.50755294675764e-06,-1.29429793105373e-06,1,0,82.135368347168,73.6772918701172,-0.6920525431633,1
			} 
		}
		PoseNode:  {
			Node: 1943511061168
			Matrix: *16 {
				a: 0.728973567485809,-0.684541821479797,2.91889045911375e-06,0,0.684541821479797,0.728973567485809,2.13392695513903e-07,0,1.44592900142015e-06,-5.04734316564281e-08,1,0,85.9046401977539,71.4524612426758,-0.692050397396088,1
			} 
		}
		PoseNode:  {
			Node: 1943511052400
			Matrix: *16 {
				a: 0.690224528312683,-0.723595261573792,1.81908342256065e-06,0,0.723595261573792,0.690224528312683,2.25484882321325e-07,0,2.30106320486811e-06,-7.32372825495986e-07,1,0,89.4315567016602,68.1405181884766,-0.692036271095276,1
			} 
		}
		PoseNode:  {
			Node: 1943511063360
			Matrix: *16 {
				a: -0.9969162940979,0.0321943908929825,-0.0715639665722847,0,-0.0705246403813362,0.0323377549648285,0.996985733509064,0,0.0344115644693375,0.998958349227905,-0.0299675390124321,0,-37.9320373535156,74.5101547241211,-0.13698148727417,1
			} 
		}
		PoseNode:  {
			Node: 1943511058976
			Matrix: *16 {
				a: -0.997772395610809,-0.0598071217536926,0.0295503064990044,0,0.0293503720313311,0.00421879626810551,0.999560296535492,0,-0.0599055029451847,0.998201012611389,-0.00245403125882149,0,-52.5560188293457,74.982421875,-1.18676888942719,1
			} 
		}
		PoseNode:  {
			Node: 1943511065552
			Matrix: *16 {
				a: -0.999721527099609,-0.0235967375338078,-1.81545328814536e-06,0,-0.0235967189073563,0.999721527099609,-1.81607902050018e-08,0,-2.3572938516736e-06,1.69500708580017e-07,-1,0,-69.2600326538086,73.9811706542969,-0.692058145999908,1
			} 
		}
		PoseNode:  {
			Node: 1943511067744
			Matrix: *16 {
				a: -0.460105717182159,-0.636543929576874,0.618960618972778,0,-0.234957069158554,0.759576320648193,0.606496036052704,0,-0.856211483478546,0.133622914552689,-0.499049514532089,0,-72.9369277954102,73.1003494262695,8.37635707855225,1
			} 
		}
		PoseNode:  {
			Node: 1943511054592
			Matrix: *16 {
				a: -0.591205239295959,-0.472796350717545,0.653404116630554,0,-0.141346454620361,0.858353912830353,0.493202418088913,0,-0.794038891792297,0.199227258563042,-0.574294805526733,0,-74.3172454833984,71.1907196044922,10.2332391738892,1
			} 
		}
		PoseNode:  {
			Node: 1943511056784
			Matrix: *16 {
				a: -0.460105717182159,-0.636543869972229,0.618960559368134,0,-0.234957084059715,0.759576261043549,0.606496095657349,0,-0.856211483478546,0.133622944355011,-0.499049484729767,0,-76.7051315307617,69.2810897827148,12.8723468780518,1
			} 
		}
		PoseNode:  {
			Node: 1943511076512
			Matrix: *16 {
				a: -0.86117297410965,-0.508312046527863,-3.42275643561152e-06,0,-0.508311986923218,0.861172914505005,-5.08156631440215e-07,0,-5.04872900819464e-07,-6.03600028625806e-07,-1,0,-82.1351318359375,73.6772766113281,-0.69208151102066,1
			} 
		}
		PoseNode:  {
			Node: 1943511074320
			Matrix: *16 {
				a: -0.728973507881165,-0.684542000293732,-8.74110128279426e-07,0,-0.684541940689087,0.72897344827652,-7.40730001780321e-07,0,-2.56649764196482e-06,-1.84742555120465e-06,-1,0,-85.9044036865234,71.4524459838867,-0.692096471786499,1
			} 
		}
		PoseNode:  {
			Node: 1943511080896
			Matrix: *16 {
				a: -0.690224468708038,-0.723595440387726,-1.91570529750607e-06,0,-0.723595380783081,0.690224409103394,-9.35787340949901e-07,0,-1.71136332483002e-06,-1.16552530471381e-06,-1,0,-89.4313201904297,68.1405029296875,-0.692100703716278,1
			} 
		}
		PoseNode:  {
			Node: 1943511069936
			Matrix: *16 {
				a: -7.3029202043301e-14,-1,2.50343475727277e-07,0,2.38418579101562e-07,-2.50343475727277e-07,-1,0,1,-1.33426628849253e-14,2.38418579101562e-07,0,-4.18298815724194e-12,47.8068389892578,-1.25068172565079e-05,1
			} 
		}
		PoseNode:  {
			Node: 1943511072128
			Matrix: *16 {
				a: -7.3029202043301e-14,-1,2.50343475727277e-07,0,2.38418579101562e-07,-2.50343475727277e-07,-1,0,1,-1.33426561086617e-14,2.38418579101562e-07,0,-4.95057163665824e-12,37.296199798584,-9.87554722087225e-06,1
			} 
		}
	}
	Material: 1942967312880, "Material::Material #44", "" {
		Version: 102
		ShadingModel: "unknown"
		MultiLayer: 0
		Properties70:  {
			P: "ShadingModel", "KString", "", "", "unknown"
			P: "AmbientColor", "ColorRGB", "Color", "",0.5,0.5,0.5
			P: "DiffuseColor", "ColorRGB", "Color", "",0.5,0.5,0.5
			P: "SpecularColor", "ColorRGB", "Color", "",0,0,0
			P: "SpecularFactor", "double", "Number", "",2
			P: "ShininessExponent", "double", "Number", "",1024
			P: "TransparencyFactor", "double", "Number", "",0
			P: "EmissiveColor", "ColorRGB", "Color", "",0,0,0
			P: "EmissiveFactor", "double", "Number", "",0
			P: "3dsMax", "Compound", "", ""
			P: "3dsMax|ClassIDa", "int", "Integer", "",1030429932
			P: "3dsMax|ClassIDb", "int", "Integer", "",-559038463
			P: "3dsMax|SuperClassID", "int", "Integer", "",3072
			P: "3dsMax|Parameters", "Compound", "", ""
			P: "3dsMax|ORIGINAL_MTL", "KString", "", "", "PHYSICAL_MTL"
			P: "3dsMax|Parameters|material_mode", "Integer", "", "A",2
			P: "3dsMax|Parameters|base_weight", "Float", "", "A",1
			P: "3dsMax|Parameters|base_color", "ColorAndAlpha", "", "A",0.5,0.5,0.5,1
			P: "3dsMax|Parameters|reflectivity", "Float", "", "A",0
			P: "3dsMax|Parameters|roughness", "Float", "", "A",0
			P: "3dsMax|Parameters|roughness_inv", "Bool", "", "A",0
			P: "3dsMax|Parameters|metalness", "Float", "", "A",0
			P: "3dsMax|Parameters|refl_color", "ColorAndAlpha", "", "A",1,1,1,1
			P: "3dsMax|Parameters|diff_roughness", "Float", "", "A",0
			P: "3dsMax|Parameters|brdf_mode", "Bool", "", "A",1
			P: "3dsMax|Parameters|brdf_low", "Float", "", "A",0.05
			P: "3dsMax|Parameters|brdf_high", "Float", "", "A",1
			P: "3dsMax|Parameters|brdf_curve", "Float", "", "A",5
			P: "3dsMax|Parameters|anisotropy", "Float", "", "A",0
			P: "3dsMax|Parameters|anisoangle", "Float", "", "A",0.25
			P: "3dsMax|Parameters|aniso_mode", "Integer", "", "A",0
			P: "3dsMax|Parameters|aniso_channel", "Integer", "", "A",0
			P: "3dsMax|Parameters|transparency", "Float", "", "A",0
			P: "3dsMax|Parameters|trans_color", "ColorAndAlpha", "", "A",1,1,1,1
			P: "3dsMax|Parameters|trans_depth", "Float", "", "A",0
			P: "3dsMax|Parameters|trans_roughness", "Float", "", "A",0
			P: "3dsMax|Parameters|trans_roughness_inv", "Bool", "", "A",0
			P: "3dsMax|Parameters|trans_roughness_lock", "Bool", "", "A",1
			P: "3dsMax|Parameters|trans_ior", "Float", "", "A",1.52
			P: "3dsMax|Parameters|thin_walled", "Bool", "", "A",0
			P: "3dsMax|Parameters|dispersion", "Float", "", "A",0
			P: "3dsMax|Parameters|trans_scatter_color", "ColorAndAlpha", "", "A",0,0,0,1
			P: "3dsMax|Parameters|trans_scatter_aniso", "Float", "", "A",0
			P: "3dsMax|Parameters|scattering", "Float", "", "A",0
			P: "3dsMax|Parameters|sss_color", "ColorAndAlpha", "", "A",1,1,1,1
			P: "3dsMax|Parameters|sss_depth", "Float", "", "A",10
			P: "3dsMax|Parameters|sss_scale", "Float", "", "A",1
			P: "3dsMax|Parameters|sss_scatter_color", "ColorAndAlpha", "", "A",79.4703826904297,53.1733741760254,29.2854118347168,1
			P: "3dsMax|Parameters|emission", "Float", "", "A",1
			P: "3dsMax|Parameters|emit_color", "ColorAndAlpha", "", "A",0,0,0,1
			P: "3dsMax|Parameters|emit_luminance", "Float", "", "A",1500
			P: "3dsMax|Parameters|emit_kelvin", "Float", "", "A",6500
			P: "3dsMax|Parameters|coating", "Float", "", "A",0
			P: "3dsMax|Parameters|coat_color", "ColorAndAlpha", "", "A",1,1,1,1
			P: "3dsMax|Parameters|coat_roughness", "Float", "", "A",0
			P: "3dsMax|Parameters|coat_roughness_inv", "Bool", "", "A",0
			P: "3dsMax|Parameters|coat_affect_color", "Float", "", "A",0.5
			P: "3dsMax|Parameters|coat_affect_roughness", "Float", "", "A",0.5
			P: "3dsMax|Parameters|coat_ior", "Float", "", "A",1.52
			P: "3dsMax|Parameters|coat_anisotropy", "Float", "", "A",0
			P: "3dsMax|Parameters|coat_anisoangle", "Float", "", "A",0.25
			P: "3dsMax|Parameters|sheen", "Float", "", "A",0
			P: "3dsMax|Parameters|sheen_color", "ColorAndAlpha", "", "A",1,1,1,1
			P: "3dsMax|Parameters|sheen_roughness", "Float", "", "A",0.3
			P: "3dsMax|Parameters|thin_film", "Float", "", "A",0
			P: "3dsMax|Parameters|thin_film_thickness", "Float", "", "A",0
			P: "3dsMax|Parameters|thin_film_ior", "Float", "", "A",1.3
			P: "3dsMax|Parameters|base_weight_map", "Reference", "", "A"
			P: "3dsMax|Parameters|base_color_map", "Reference", "", "A"
			P: "3dsMax|Parameters|reflectivity_map", "Reference", "", "A"
			P: "3dsMax|Parameters|refl_color_map", "Reference", "", "A"
			P: "3dsMax|Parameters|roughness_map", "Reference", "", "A"
			P: "3dsMax|Parameters|metalness_map", "Reference", "", "A"
			P: "3dsMax|Parameters|diff_rough_map", "Reference", "", "A"
			P: "3dsMax|Parameters|anisotropy_map", "Reference", "", "A"
			P: "3dsMax|Parameters|aniso_angle_map", "Reference", "", "A"
			P: "3dsMax|Parameters|transparency_map", "Reference", "", "A"
			P: "3dsMax|Parameters|trans_color_map", "Reference", "", "A"
			P: "3dsMax|Parameters|trans_rough_map", "Reference", "", "A"
			P: "3dsMax|Parameters|trans_ior_map", "Reference", "", "A"
			P: "3dsMax|Parameters|scattering_map", "Reference", "", "A"
			P: "3dsMax|Parameters|sss_color_map", "Reference", "", "A"
			P: "3dsMax|Parameters|sss_scale_map", "Reference", "", "A"
			P: "3dsMax|Parameters|emission_map", "Reference", "", "A"
			P: "3dsMax|Parameters|emit_color_map", "Reference", "", "A"
			P: "3dsMax|Parameters|coat_map", "Reference", "", "A"
			P: "3dsMax|Parameters|coat_color_map", "Reference", "", "A"
			P: "3dsMax|Parameters|coat_rough_map", "Reference", "", "A"
			P: "3dsMax|Parameters|displacement_map", "Reference", "", "A"
			P: "3dsMax|Parameters|cutout_map", "Reference", "", "A"
			P: "3dsMax|Parameters|coat_aniso_map", "Reference", "", "A"
			P: "3dsMax|Parameters|coat_aniso_angle_map", "Reference", "", "A"
			P: "3dsMax|Parameters|sheen_map", "Reference", "", "A"
