; FBX 7.7.0 project file
; ----------------------------------------------------

FBXHeaderExtension:  {
	FBXHeaderVersion: 1004
	FBXVersion: 7700
	CreationTimeStamp:  {
		Version: 1000
		Year: 2025
		Month: 4
		Day: 23
		Hour: 15
		Minute: 50
		Second: 2
		Millisecond: 237
	}
	Creator: "FBX SDK/FBX Plugins version 2020.3.5"
	OtherFlags:  {
		TCDefinition: 127
	}
	SceneInfo: "SceneInfo::GlobalInfo", "UserData" {
		Type: "UserData"
		Version: 100
		MetaData:  {
			Version: 100
			Title: ""
			Subject: ""
			Author: ""
			Keywords: ""
			Revision: ""
			Comment: ""
		}
		Properties70:  {
			P: "DocumentUrl", "KString", "Url", "", "D:\Dropbox\Unity\Cute Series\Assets\Modular Dark Wizard Chibi Series\FBX\No Root Setup\Dark Wizard@Spawn.fbx"
			P: "SrcDocumentUrl", "KString", "Url", "", "D:\Dropbox\Unity\Cute Series\Assets\Modular Dark Wizard Chibi Series\FBX\No Root Setup\Dark Wizard@Spawn.fbx"
			P: "Original", "Compound", "", ""
			P: "Original|ApplicationVendor", "KString", "", "", "Autodesk"
			P: "Original|ApplicationName", "KString", "", "", "3ds Max"
			P: "Original|ApplicationVersion", "KString", "", "", "2025"
			P: "Original|DateTime_GMT", "DateTime", "", "", "23/04/2025 07:50:02.237"
			P: "Original|FileName", "KString", "", "", "D:\Dropbox\Unity\Cute Series\Assets\Modular Dark Wizard Chibi Series\FBX\No Root Setup\Dark Wizard@Spawn.fbx"
			P: "LastSaved", "Compound", "", ""
			P: "LastSaved|ApplicationVendor", "KString", "", "", "Autodesk"
			P: "LastSaved|ApplicationName", "KString", "", "", "3ds Max"
			P: "LastSaved|ApplicationVersion", "KString", "", "", "2025"
			P: "LastSaved|DateTime_GMT", "DateTime", "", "", "23/04/2025 07:50:02.237"
			P: "Original|ApplicationActiveProject", "KString", "", "", "D:\Dropbox\3D\Stock_Characters\Modular Dark Wizard Chibi Series"
			P: "Original|ApplicationNativeFile", "KString", "", "", "D:\Dropbox\3D\Stock_Characters\Modular Dark Wizard Chibi Series\scenes\Dark Wizard@Spawn.max"
		}
	}
}
GlobalSettings:  {
	Version: 1000
	Properties70:  {
		P: "UpAxis", "int", "Integer", "",1
		P: "UpAxisSign", "int", "Integer", "",1
		P: "FrontAxis", "int", "Integer", "",2
		P: "FrontAxisSign", "int", "Integer", "",1
		P: "CoordAxis", "int", "Integer", "",0
		P: "CoordAxisSign", "int", "Integer", "",1
		P: "OriginalUpAxis", "int", "Integer", "",2
		P: "OriginalUpAxisSign", "int", "Integer", "",1
		P: "UnitScaleFactor", "double", "Number", "",1
		P: "OriginalUnitScaleFactor", "double", "Number", "",1
		P: "AmbientColor", "ColorRGB", "Color", "",0,0,0
		P: "DefaultCamera", "KString", "", "", "Producer Perspective"
		P: "TimeMode", "enum", "", "",6
		P: "TimeProtocol", "enum", "", "",2
		P: "SnapOnFrameMode", "enum", "", "",0
		P: "TimeSpanStart", "KTime", "Time", "",0
		P: "TimeSpanStop", "KTime", "Time", "",38488465000
		P: "CustomFrameRate", "double", "Number", "",-1
		P: "TimeMarker", "Compound", "", ""
		P: "CurrentTimeMarker", "int", "Integer", "",-1
	}
}

; Documents Description
;------------------------------------------------------------------

Documents:  {
	Count: 1
	Document: 1944827582560, "", "Scene" {
		Properties70:  {
			P: "SourceObject", "object", "", ""
			P: "ActiveAnimStackName", "KString", "", "", ""
		}
		RootNode: 0
	}
}

; Document References
;------------------------------------------------------------------

References:  {
}

; Object definitions
;------------------------------------------------------------------

Definitions:  {
	Version: 100
	Count: 422
	ObjectType: "GlobalSettings" {
		Count: 1
	}
	ObjectType: "AnimationStack" {
		Count: 1
		PropertyTemplate: "FbxAnimStack" {
			Properties70:  {
				P: "Description", "KString", "", "", ""
				P: "LocalStart", "KTime", "Time", "",0
				P: "LocalStop", "KTime", "Time", "",0
				P: "ReferenceStart", "KTime", "Time", "",0
				P: "ReferenceStop", "KTime", "Time", "",0
			}
		}
	}
	ObjectType: "AnimationLayer" {
		Count: 1
		PropertyTemplate: "FbxAnimLayer" {
			Properties70:  {
				P: "Weight", "Number", "", "A",100
				P: "Mute", "bool", "", "",0
				P: "Solo", "bool", "", "",0
				P: "Lock", "bool", "", "",0
				P: "Color", "ColorRGB", "Color", "",0.8,0.8,0.8
				P: "BlendMode", "enum", "", "",0
				P: "RotationAccumulationMode", "enum", "", "",0
				P: "ScaleAccumulationMode", "enum", "", "",0
				P: "BlendModeBypass", "ULongLong", "", "",0
			}
		}
	}
	ObjectType: "Model" {
		Count: 30
		PropertyTemplate: "FbxNode" {
			Properties70:  {
				P: "QuaternionInterpolate", "enum", "", "",0
				P: "RotationOffset", "Vector3D", "Vector", "",0,0,0
				P: "RotationPivot", "Vector3D", "Vector", "",0,0,0
				P: "ScalingOffset", "Vector3D", "Vector", "",0,0,0
				P: "ScalingPivot", "Vector3D", "Vector", "",0,0,0
				P: "TranslationActive", "bool", "", "",0
				P: "TranslationMin", "Vector3D", "Vector", "",0,0,0
				P: "TranslationMax", "Vector3D", "Vector", "",0,0,0
				P: "TranslationMinX", "bool", "", "",0
				P: "TranslationMinY", "bool", "", "",0
				P: "TranslationMinZ", "bool", "", "",0
				P: "TranslationMaxX", "bool", "", "",0
				P: "TranslationMaxY", "bool", "", "",0
				P: "TranslationMaxZ", "bool", "", "",0
				P: "RotationOrder", "enum", "", "",0
				P: "RotationSpaceForLimitOnly", "bool", "", "",0
				P: "RotationStiffnessX", "double", "Number", "",0
				P: "RotationStiffnessY", "double", "Number", "",0
				P: "RotationStiffnessZ", "double", "Number", "",0
				P: "AxisLen", "double", "Number", "",10
				P: "PreRotation", "Vector3D", "Vector", "",0,0,0
				P: "PostRotation", "Vector3D", "Vector", "",0,0,0
				P: "RotationActive", "bool", "", "",0
				P: "RotationMin", "Vector3D", "Vector", "",0,0,0
				P: "RotationMax", "Vector3D", "Vector", "",0,0,0
				P: "RotationMinX", "bool", "", "",0
				P: "RotationMinY", "bool", "", "",0
				P: "RotationMinZ", "bool", "", "",0
				P: "RotationMaxX", "bool", "", "",0
				P: "RotationMaxY", "bool", "", "",0
				P: "RotationMaxZ", "bool", "", "",0
				P: "InheritType", "enum", "", "",0
				P: "ScalingActive", "bool", "", "",0
				P: "ScalingMin", "Vector3D", "Vector", "",0,0,0
				P: "ScalingMax", "Vector3D", "Vector", "",1,1,1
				P: "ScalingMinX", "bool", "", "",0
				P: "ScalingMinY", "bool", "", "",0
				P: "ScalingMinZ", "bool", "", "",0
				P: "ScalingMaxX", "bool", "", "",0
				P: "ScalingMaxY", "bool", "", "",0
				P: "ScalingMaxZ", "bool", "", "",0
				P: "GeometricTranslation", "Vector3D", "Vector", "",0,0,0
				P: "GeometricRotation", "Vector3D", "Vector", "",0,0,0
				P: "GeometricScaling", "Vector3D", "Vector", "",1,1,1
				P: "MinDampRangeX", "double", "Number", "",0
				P: "MinDampRangeY", "double", "Number", "",0
				P: "MinDampRangeZ", "double", "Number", "",0
				P: "MaxDampRangeX", "double", "Number", "",0
				P: "MaxDampRangeY", "double", "Number", "",0
				P: "MaxDampRangeZ", "double", "Number", "",0
				P: "MinDampStrengthX", "double", "Number", "",0
				P: "MinDampStrengthY", "double", "Number", "",0
				P: "MinDampStrengthZ", "double", "Number", "",0
				P: "MaxDampStrengthX", "double", "Number", "",0
				P: "MaxDampStrengthY", "double", "Number", "",0
				P: "MaxDampStrengthZ", "double", "Number", "",0
				P: "PreferedAngleX", "double", "Number", "",0
				P: "PreferedAngleY", "double", "Number", "",0
				P: "PreferedAngleZ", "double", "Number", "",0
				P: "LookAtProperty", "object", "", ""
				P: "UpVectorProperty", "object", "", ""
				P: "Show", "bool", "", "",1
				P: "NegativePercentShapeSupport", "bool", "", "",1
				P: "DefaultAttributeIndex", "int", "Integer", "",-1
				P: "Freeze", "bool", "", "",0
				P: "LODBox", "bool", "", "",0
				P: "Lcl Translation", "Lcl Translation", "", "A",0,0,0
				P: "Lcl Rotation", "Lcl Rotation", "", "A",0,0,0
				P: "Lcl Scaling", "Lcl Scaling", "", "A",1,1,1
				P: "Visibility", "Visibility", "", "A",1
				P: "Visibility Inheritance", "Visibility Inheritance", "", "",1
			}
		}
	}
	ObjectType: "Geometry" {
		Count: 2
		PropertyTemplate: "FbxMesh" {
			Properties70:  {
				P: "Color", "ColorRGB", "Color", "",0.8,0.8,0.8
				P: "BBoxMin", "Vector3D", "Vector", "",0,0,0
				P: "BBoxMax", "Vector3D", "Vector", "",0,0,0
				P: "Primary Visibility", "bool", "", "",1
				P: "Casts Shadows", "bool", "", "",1
				P: "Receive Shadows", "bool", "", "",1
			}
		}
	}
	ObjectType: "Material" {
		Count: 1
		PropertyTemplate: "FbxSurfaceMaterial" {
			Properties70:  {
				P: "ShadingModel", "KString", "", "", "Unknown"
				P: "MultiLayer", "bool", "", "",0
			}
		}
	}
	ObjectType: "Implementation" {
		Count: 1
		PropertyTemplate: "FbxImplementation" {
			Properties70:  {
				P: "ShaderLanguage", "KString", "", "", "MentalRaySL"
				P: "ShaderLanguageVersion", "KString", "", "", ""
				P: "RenderAPI", "KString", "", "", "MentalRay"
				P: "RenderAPIVersion", "KString", "", "", ""
				P: "RootBindingName", "KString", "", "", ""
				P: "Constants", "Compound", "", ""
			}
		}
	}
	ObjectType: "BindingTable" {
		Count: 1
		PropertyTemplate: "FbxBindingTable" {
			Properties70:  {
				P: "TargetName", "KString", "", "", ""
				P: "TargetType", "KString", "", "", ""
				P: "CodeAbsoluteURL", "KString", "XRefUrl", "", ""
				P: "CodeRelativeURL", "KString", "XRefUrl", "", ""
				P: "CodeTAG", "KString", "", "", "shader"
				P: "DescAbsoluteURL", "KString", "XRefUrl", "", ""
				P: "DescRelativeURL", "KString", "XRefUrl", "", ""
				P: "DescTAG", "KString", "", "", "shader"
			}
		}
	}
	ObjectType: "NodeAttribute" {
		Count: 28
		PropertyTemplate: "FbxNull" {
			Properties70:  {
				P: "Color", "ColorRGB", "Color", "",0.8,0.8,0.8
				P: "Size", "double", "Number", "",100
				P: "Look", "enum", "", "",1
			}
		}
	}
	ObjectType: "AnimationCurve" {
		Count: 246
	}
	ObjectType: "AnimationCurveNode" {
		Count: 82
		PropertyTemplate: "FbxAnimCurveNode" {
			Properties70:  {
				P: "d", "Compound", "", ""
			}
		}
	}
	ObjectType: "Deformer" {
		Count: 27
	}
	ObjectType: "Pose" {
		Count: 1
	}
}

; Object properties
;------------------------------------------------------------------

Objects:  {
	Model: 1944819138336, "Model::Dark Wizard", "Mesh" {
		Version: 232
		Properties70:  {
			P: "PreRotation", "Vector3D", "Vector", "",-90,-0,0
			P: "RotationActive", "bool", "", "",1
			P: "InheritType", "enum", "", "",1
			P: "ScalingMax", "Vector3D", "Vector", "",0,0,0
			P: "DefaultAttributeIndex", "int", "Integer", "",0
			P: "Freeze", "bool", "", "",1
			P: "Lcl Translation", "Lcl Translation", "", "A",0,0,-3.74155115423491e-06
			P: "MaxHandle", "int", "Integer", "UH",8
		}
		Shading: T
		Culling: "CullingOff"
	}
	Model: 1944819140528, "Model::Rig", "Null" {
		Version: 232
		Properties70:  {
			P: "PreRotation", "Vector3D", "Vector", "",-90,-0,0
			P: "RotationActive", "bool", "", "",1
			P: "InheritType", "enum", "", "",1
			P: "ScalingMax", "Vector3D", "Vector", "",0,0,0
			P: "DefaultAttributeIndex", "int", "Integer", "",0
			P: "Lcl Rotation", "Lcl Rotation", "", "A+",-179.999991348579,-89.9999906653324,0
			P: "MaxHandle", "int", "Integer", "UH",35
		}
		Shading: T
		Culling: "CullingOff"
	}
	Model: 1944819142720, "Model::RigPelvis", "LimbNode" {
		Version: 232
		Properties70:  {
			P: "PreRotation", "Vector3D", "Vector", "",-90,-0,0
			P: "RotationActive", "bool", "", "",1
			P: "InheritType", "enum", "", "",1
			P: "ScalingMax", "Vector3D", "Vector", "",0,0,0
			P: "DefaultAttributeIndex", "int", "Integer", "",0
			P: "Lcl Translation", "Lcl Translation", "", "A+",-3.89740193243449e-12,-221.112777709961,-2.54115930147236e-05
			P: "Lcl Rotation", "Lcl Rotation", "", "A+",-95.177483254799,-79.0032402028283,-85.3711084367098
			P: "Lcl Scaling", "Lcl Scaling", "", "A+",1,1,0.999999
			P: "MaxHandle", "int", "Integer", "UH",36
		}
		Shading: T
		Culling: "CullingOff"
	}
	Model: 1943512086544, "Model::RigSpine1", "LimbNode" {
		Version: 232
		Properties70:  {
			P: "InheritType", "enum", "", "",1
			P: "ScalingMax", "Vector3D", "Vector", "",0,0,0
			P: "Show", "bool", "", "",0
			P: "DefaultAttributeIndex", "int", "Integer", "",0
			P: "Lcl Translation", "Lcl Translation", "", "A+",3.15733337402344,-7.45596313476562,1.43051147460938e-06
			P: "Lcl Rotation", "Lcl Rotation", "", "A+",0.483326226610513,1.75798880061844,13.565836508639
			P: "MaxHandle", "int", "Integer", "UH",38
		}
		Shading: T
		Culling: "CullingOff"
	}
	Model: 1943512084352, "Model::RigSpine2", "LimbNode" {
		Version: 232
		Properties70:  {
			P: "InheritType", "enum", "", "",1
			P: "ScalingMax", "Vector3D", "Vector", "",0,0,0
			P: "Show", "bool", "", "",0
			P: "DefaultAttributeIndex", "int", "Integer", "",0
			P: "Lcl Translation", "Lcl Translation", "", "A+",10.3968811035156,0,0
			P: "Lcl Rotation", "Lcl Rotation", "", "A+",-0.764360317695026,-0.399436032579176,3.81270020291608
			P: "MaxHandle", "int", "Integer", "UH",43
		}
		Shading: T
		Culling: "CullingOff"
	}
	Model: 1943512073392, "Model::RigRibcage", "LimbNode" {
		Version: 232
		Properties70:  {
			P: "InheritType", "enum", "", "",1
			P: "ScalingMax", "Vector3D", "Vector", "",0,0,0
			P: "DefaultAttributeIndex", "int", "Integer", "",0
			P: "Lcl Translation", "Lcl Translation", "", "A+",11.9087524414062,-7.62939453125e-06,0
			P: "Lcl Rotation", "Lcl Rotation", "", "A+",-0.771766406248668,-2.13670147242997,-0.574048909895913
			P: "MaxHandle", "int", "Integer", "UH",37
		}
		Shading: T
		Culling: "CullingOff"
	}
	Model: 1943512077776, "Model::RigNeck", "LimbNode" {
		Version: 232
		Properties70:  {
			P: "InheritType", "enum", "", "",1
			P: "ScalingMax", "Vector3D", "Vector", "",0,0,0
			P: "Show", "bool", "", "",0
			P: "DefaultAttributeIndex", "int", "Integer", "",0
			P: "Lcl Translation", "Lcl Translation", "", "A+",6.65095520019531,-0.965225219726562,4.76837158203125e-07
			P: "Lcl Rotation", "Lcl Rotation", "", "A+",1.13374890913453,0.68039070577832,28.5072242896952
			P: "Lcl Scaling", "Lcl Scaling", "", "A+",1,1.000001,1
			P: "MaxHandle", "int", "Integer", "UH",45
		}
		Shading: T
		Culling: "CullingOff"
	}
	Model: 1943512082160, "Model::RigHead", "LimbNode" {
		Version: 232
		Properties70:  {
			P: "InheritType", "enum", "", "",1
			P: "ScalingMax", "Vector3D", "Vector", "",0,0,0
			P: "DefaultAttributeIndex", "int", "Integer", "",0
			P: "Lcl Translation", "Lcl Translation", "", "A+",11.7494964599609,1.52587890625e-05,2.38418579101562e-07
			P: "Lcl Rotation", "Lcl Rotation", "", "A+",3.85058400526391,6.10817271665263,-7.94498546067666
			P: "MaxHandle", "int", "Integer", "UH",44
		}
		Shading: T
		Culling: "CullingOff"
	}
	Model: 1943512088736, "Model::RigLArm1", "LimbNode" {
		Version: 232
		Properties70:  {
			P: "InheritType", "enum", "", "",1
			P: "ScalingMax", "Vector3D", "Vector", "",0,0,0
			P: "DefaultAttributeIndex", "int", "Integer", "",0
			P: "Lcl Translation", "Lcl Translation", "", "A+",-2.46815490722656,4.72690582275391,37.9321479797363
			P: "Lcl Rotation", "Lcl Rotation", "", "A+",-169.910164442323,-64.251761282584,164.38575808127
			P: "Lcl Scaling", "Lcl Scaling", "", "A+",1,1.000001,1
			P: "MaxHandle", "int", "Integer", "UH",57
		}
		Shading: T
		Culling: "CullingOff"
	}
	Model: 1943512075584, "Model::RigLArm2", "LimbNode" {
		Version: 232
		Properties70:  {
			P: "InheritType", "enum", "", "",1
			P: "ScalingMax", "Vector3D", "Vector", "",0,0,0
			P: "DefaultAttributeIndex", "int", "Integer", "",0
			P: "Lcl Translation", "Lcl Translation", "", "A+",14.6692199707031,7.62939453125e-06,1.52587890625e-05
			P: "Lcl Rotation", "Lcl Rotation", "", "A+",-7.05370833885963,2.15074938427477,58.4484286134401
			P: "Lcl Scaling", "Lcl Scaling", "", "A+",0.999999,1.000001,1.000001
			P: "MaxHandle", "int", "Integer", "UH",58
		}
		Shading: T
		Culling: "CullingOff"
	}
	Model: 1943512090928, "Model::RigLArmPalm", "LimbNode" {
		Version: 232
		Properties70:  {
			P: "InheritType", "enum", "", "",1
			P: "ScalingMax", "Vector3D", "Vector", "",0,0,0
			P: "DefaultAttributeIndex", "int", "Integer", "",0
			P: "Lcl Translation", "Lcl Translation", "", "A+",16.7413177490234,0,1.52587890625e-05
			P: "Lcl Rotation", "Lcl Rotation", "", "A+",-95.5469444258541,10.5443096896983,19.0166415019893
			P: "Lcl Scaling", "Lcl Scaling", "", "A+",1.000003,0.999999,0.999998
			P: "MaxHandle", "int", "Integer", "UH",56
		}
		Shading: T
		Culling: "CullingOff"
	}
	Model: 1943512093120, "Model::RigLArmThumb1", "LimbNode" {
		Version: 232
		Properties70:  {
			P: "InheritType", "enum", "", "",1
			P: "ScalingMax", "Vector3D", "Vector", "",0,0,0
			P: "Show", "bool", "", "",0
			P: "DefaultAttributeIndex", "int", "Integer", "",0
			P: "Lcl Translation", "Lcl Translation", "", "A+",3.69668579101562,-0.7938232421875,9.06840515136719
			P: "Lcl Rotation", "Lcl Rotation", "", "A+",69.854035465408,-27.6009683935654,-80.2347846491971
			P: "Lcl Scaling", "Lcl Scaling", "", "A+",1.000006,0.999992,1.000005
			P: "MaxHandle", "int", "Integer", "UH",59
		}
		Shading: T
		Culling: "CullingOff"
	}
	Model: 1943512079968, "Model::RigLArmThumb2", "LimbNode" {
		Version: 232
		Properties70:  {
			P: "InheritType", "enum", "", "",1
			P: "ScalingMax", "Vector3D", "Vector", "",0,0,0
			P: "Show", "bool", "", "",0
			P: "DefaultAttributeIndex", "int", "Integer", "",0
			P: "Lcl Translation", "Lcl Translation", "", "A+",3,-1.52587890625e-05,-7.62939453125e-06
			P: "Lcl Rotation", "Lcl Rotation", "", "A+",-1.90155695257644,6.46967691898364,-11.3296568276153
			P: "Lcl Scaling", "Lcl Scaling", "", "A+",1.000016,1,0.999987
			P: "MaxHandle", "int", "Integer", "UH",60
		}
		Shading: T
		Culling: "CullingOff"
	}
	Model: 1943512095312, "Model::RigLArmThumb3", "LimbNode" {
		Version: 232
		Properties70:  {
			P: "InheritType", "enum", "", "",1
			P: "ScalingMax", "Vector3D", "Vector", "",0,0,0
			P: "Show", "bool", "", "",0
			P: "DefaultAttributeIndex", "int", "Integer", "",0
			P: "Lcl Translation", "Lcl Translation", "", "A+",4.03901672363281,0,-7.62939453125e-06
			P: "Lcl Rotation", "Lcl Rotation", "", "A+",3.01817143254884,-6.03188159420309,-31.73496831303
			P: "Lcl Scaling", "Lcl Scaling", "", "A+",1.000038,0.999995,0.999974
			P: "MaxHandle", "int", "Integer", "UH",61
		}
		Shading: T
		Culling: "CullingOff"
	}
	Model: 1943512097504, "Model::RigLArmIndex1", "LimbNode" {
		Version: 232
		Properties70:  {
			P: "InheritType", "enum", "", "",1
			P: "ScalingMax", "Vector3D", "Vector", "",0,0,0
			P: "Show", "bool", "", "",0
			P: "DefaultAttributeIndex", "int", "Integer", "",0
			P: "Lcl Translation", "Lcl Translation", "", "A+",12.8787307739258,-1.52587890625e-05,0
			P: "Lcl Rotation", "Lcl Rotation", "", "A+",-5.46412382406228e-05,7.68394111592135e-05,-50.5980863180046
			P: "Lcl Scaling", "Lcl Scaling", "", "A+",1.000003,1.000005,0.999994
			P: "MaxHandle", "int", "Integer", "UH",62
		}
		Shading: T
		Culling: "CullingOff"
	}
	Model: 1943512099696, "Model::RigLArmIndex2", "LimbNode" {
		Version: 232
		Properties70:  {
			P: "InheritType", "enum", "", "",1
			P: "ScalingMax", "Vector3D", "Vector", "",0,0,0
			P: "Show", "bool", "", "",0
			P: "DefaultAttributeIndex", "int", "Integer", "",0
			P: "Lcl Translation", "Lcl Translation", "", "A+",4.37690734863281,0,1.52587890625e-05
			P: "Lcl Rotation", "Lcl Rotation", "", "A+",7.21438180908234e-05,-0.00011440399488482,-34.0466539509799
			P: "Lcl Scaling", "Lcl Scaling", "", "A+",1.000015,1.000001,0.999988
			P: "MaxHandle", "int", "Integer", "UH",63
		}
		Shading: T
		Culling: "CullingOff"
	}
	Model: 1943512101888, "Model::RigLArmIndex3", "LimbNode" {
		Version: 232
		Properties70:  {
			P: "InheritType", "enum", "", "",1
			P: "ScalingMax", "Vector3D", "Vector", "",0,0,0
			P: "Show", "bool", "", "",0
			P: "DefaultAttributeIndex", "int", "Integer", "",0
			P: "Lcl Translation", "Lcl Translation", "", "A+",4.83819580078125,0,0
			P: "Lcl Rotation", "Lcl Rotation", "", "A+",-2.04906184524088e-05,4.95172028563534e-05,-24.55147739447
			P: "Lcl Scaling", "Lcl Scaling", "", "A+",1.000034,0.999998,0.999977
			P: "MaxHandle", "int", "Integer", "UH",64
		}
		Shading: T
		Culling: "CullingOff"
	}
	Model: 1945561541440, "Model::RigRArm1", "LimbNode" {
		Version: 232
		Properties70:  {
			P: "InheritType", "enum", "", "",1
			P: "ScalingMax", "Vector3D", "Vector", "",0,0,0
			P: "DefaultAttributeIndex", "int", "Integer", "",0
			P: "Lcl Translation", "Lcl Translation", "", "A+",-2.46815490722656,4.72690582275391,-37.9321517944336
			P: "Lcl Rotation", "Lcl Rotation", "", "A+",-178.513854050301,63.2326944149848,-156.651454299732
			P: "Lcl Scaling", "Lcl Scaling", "", "A+",1,1,1.000001
			P: "MaxHandle", "int", "Integer", "UH",65
		}
		Shading: T
		Culling: "CullingOff"
	}
	Model: 1945561543632, "Model::RigRArm2", "LimbNode" {
		Version: 232
		Properties70:  {
			P: "InheritType", "enum", "", "",1
			P: "ScalingMax", "Vector3D", "Vector", "",0,0,0
			P: "DefaultAttributeIndex", "int", "Integer", "",0
			P: "Lcl Translation", "Lcl Translation", "", "A+",14.6692123413086,-1.52587890625e-05,0
			P: "Lcl Rotation", "Lcl Rotation", "", "A+",29.1671560386432,-6.93434028084556,66.9096486487661
			P: "Lcl Scaling", "Lcl Scaling", "", "A+",1,1.000002,1.000003
			P: "MaxHandle", "int", "Integer", "UH",66
		}
		Shading: T
		Culling: "CullingOff"
	}
	Model: 1945561532672, "Model::RigRArmPalm", "LimbNode" {
		Version: 232
		Properties70:  {
			P: "InheritType", "enum", "", "",1
			P: "ScalingMax", "Vector3D", "Vector", "",0,0,0
			P: "DefaultAttributeIndex", "int", "Integer", "",0
			P: "Lcl Translation", "Lcl Translation", "", "A+",16.7413177490234,0,-7.62939453125e-06
			P: "Lcl Rotation", "Lcl Rotation", "", "A+",129.255910931448,-4.88167940497626,3.53583014479812
			P: "Lcl Scaling", "Lcl Scaling", "", "A+",0.999999,1.000004,1.000008
			P: "MaxHandle", "int", "Integer", "UH",67
		}
		Shading: T
		Culling: "CullingOff"
	}
	Model: 1945561537056, "Model::RigRArmThumb1", "LimbNode" {
		Version: 232
		Properties70:  {
			P: "InheritType", "enum", "", "",1
			P: "ScalingMax", "Vector3D", "Vector", "",0,0,0
			P: "Show", "bool", "", "",0
			P: "DefaultAttributeIndex", "int", "Integer", "",0
			P: "Lcl Translation", "Lcl Translation", "", "A+",3.6966552734375,-0.793811798095703,-9.06846618652344
			P: "Lcl Rotation", "Lcl Rotation", "", "A+",-86.2923946755757,45.5236757267481,-99.8663824908612
			P: "Lcl Scaling", "Lcl Scaling", "", "A+",1.000005,1.000008,1.000005
			P: "MaxHandle", "int", "Integer", "UH",68
		}
		Shading: T
		Culling: "CullingOff"
	}
	Model: 1945561539248, "Model::RigRArmThumb2", "LimbNode" {
		Version: 232
		Properties70:  {
			P: "InheritType", "enum", "", "",1
			P: "ScalingMax", "Vector3D", "Vector", "",0,0,0
			P: "Show", "bool", "", "",0
			P: "DefaultAttributeIndex", "int", "Integer", "",0
			P: "Lcl Translation", "Lcl Translation", "", "A+",2.99999237060547,0,0
			P: "Lcl Rotation", "Lcl Rotation", "", "A+",-6.26414290414123,-8.68569030248153,2.05109247814817
			P: "Lcl Scaling", "Lcl Scaling", "", "A+",0.999993,1.000017,1.000025
			P: "MaxHandle", "int", "Integer", "UH",69
		}
		Shading: T
		Culling: "CullingOff"
	}
	Model: 1945561534864, "Model::RigRArmThumb3", "LimbNode" {
		Version: 232
		Properties70:  {
			P: "InheritType", "enum", "", "",1
			P: "ScalingMax", "Vector3D", "Vector", "",0,0,0
			P: "Show", "bool", "", "",0
			P: "DefaultAttributeIndex", "int", "Integer", "",0
			P: "Lcl Translation", "Lcl Translation", "", "A+",4.03900909423828,0,1.52587890625e-05
			P: "Lcl Rotation", "Lcl Rotation", "", "A+",-5.79850688278554,1.51311730785988,-18.0488173897884
			P: "Lcl Scaling", "Lcl Scaling", "", "A+",0.999982,1.000035,1.000053
			P: "MaxHandle", "int", "Integer", "UH",70
		}
		Shading: T
		Culling: "CullingOff"
	}
	Model: 1945561530480, "Model::RigRArmIndex1", "LimbNode" {
		Version: 232
		Properties70:  {
			P: "InheritType", "enum", "", "",1
			P: "ScalingMax", "Vector3D", "Vector", "",0,0,0
			P: "Show", "bool", "", "",0
			P: "DefaultAttributeIndex", "int", "Integer", "",0
			P: "Lcl Translation", "Lcl Translation", "", "A+",12.878662109375,7.62939453125e-06,0
			P: "Lcl Rotation", "Lcl Rotation", "", "A+",7.34243918487317e-05,-7.68394424329437e-05,-48.4691617946162
			P: "Lcl Scaling", "Lcl Scaling", "", "A+",1.000002,1.000002,1.00001
			P: "MaxHandle", "int", "Integer", "UH",71
		}
		Shading: T
		Culling: "CullingOff"
	}
	Model: 1945561554592, "Model::RigRArmIndex2", "LimbNode" {
		Version: 232
		Properties70:  {
			P: "InheritType", "enum", "", "",1
			P: "ScalingMax", "Vector3D", "Vector", "",0,0,0
			P: "Show", "bool", "", "",0
			P: "DefaultAttributeIndex", "int", "Integer", "",0
			P: "Lcl Translation", "Lcl Translation", "", "A+",4.37689208984375,-7.62939453125e-06,0
			P: "Lcl Rotation", "Lcl Rotation", "", "A+",-8.53759932279976e-05,0.00011440633498719,-31.9181904286712
			P: "Lcl Scaling", "Lcl Scaling", "", "A+",0.999994,1.000016,1.00002
			P: "MaxHandle", "int", "Integer", "UH",72
		}
		Shading: T
		Culling: "CullingOff"
	}
	Model: 1945561545824, "Model::RigRArmIndex3", "LimbNode" {
		Version: 232
		Properties70:  {
			P: "InheritType", "enum", "", "",1
			P: "ScalingMax", "Vector3D", "Vector", "",0,0,0
			P: "Show", "bool", "", "",0
			P: "DefaultAttributeIndex", "int", "Integer", "",0
			P: "Lcl Translation", "Lcl Translation", "", "A+",4.83819198608398,0,0
			P: "Lcl Rotation", "Lcl Rotation", "", "A+",3.07347916141701e-05,-5.20804730564239e-05,-22.4220979892523
			P: "Lcl Scaling", "Lcl Scaling", "", "A+",0.999995,1.000034,1.00004
			P: "MaxHandle", "int", "Integer", "UH",73
		}
		Shading: T
		Culling: "CullingOff"
	}
	Model: 1945561552400, "Model::Wand", "Mesh" {
		Version: 232
		Properties70:  {
			P: "InheritType", "enum", "", "",1
			P: "ScalingMax", "Vector3D", "Vector", "",0,0,0
			P: "DefaultAttributeIndex", "int", "Integer", "",0
			P: "Freeze", "bool", "", "",1
			P: "Lcl Translation", "Lcl Translation", "", "A",12.7921905517578,-8.79879760742188,-0.355133056640625
			P: "Lcl Rotation", "Lcl Rotation", "", "A",179.999985485848,0.00012977358317856,-178.647888191997
			P: "MaxHandle", "int", "Integer", "UH",74
		}
		Shading: T
		Culling: "CullingOff"
	}
	Model: 1945561550208, "Model::RigTail1", "LimbNode" {
		Version: 232
		Properties70:  {
			P: "InheritType", "enum", "", "",1
			P: "ScalingMax", "Vector3D", "Vector", "",0,0,0
			P: "DefaultAttributeIndex", "int", "Integer", "",0
			P: "Lcl Translation", "Lcl Translation", "", "A+",-3.91061401367188,3.814697265625e-06,2.38418579101562e-07
			P: "Lcl Rotation", "Lcl Rotation", "", "A+",0.336275891385144,0.824501591903396,171.395925136069
			P: "MaxHandle", "int", "Integer", "UH",50
		}
		Shading: T
		Culling: "CullingOff"
	}
	Model: 1945561548016, "Model::RigTail2", "LimbNode" {
		Version: 232
		Properties70:  {
			P: "InheritType", "enum", "", "",1
			P: "ScalingMax", "Vector3D", "Vector", "",0,0,0
			P: "DefaultAttributeIndex", "int", "Integer", "",0
			P: "Lcl Translation", "Lcl Translation", "", "A+",10.5106353759766,0,0
			P: "Lcl Rotation", "Lcl Rotation", "", "A+",-1.88349676739253,-1.81589296055146,-6.35193670057998
			P: "MaxHandle", "int", "Integer", "UH",51
		}
		Shading: T
		Culling: "CullingOff"
	}
	Model: 1945561556784, "Model::Dummy001", "Null" {
		Version: 232
		Properties70:  {
			P: "PreRotation", "Vector3D", "Vector", "",-90,-0,0
			P: "RotationActive", "bool", "", "",1
			P: "InheritType", "enum", "", "",1
			P: "ScalingMax", "Vector3D", "Vector", "",0,0,0
			P: "DefaultAttributeIndex", "int", "Integer", "",0
			P: "Lcl Translation", "Lcl Translation", "", "A+",0,-272.830200195312,-1.19257865662803e-05
			P: "MaxHandle", "int", "Integer", "UH",75
		}
		Shading: T
		Culling: "CullingOff"
	}
	Pose: 1942662986480, "Pose::BIND_POSES", "BindPose" {
		Type: "BindPose"
		Version: 100
		NbPoseNodes: 27
		PoseNode:  {
			Node: 1944819138336
			Matrix: *16 {
				a: 1,0,0,0,0,0,-1,0,0,1,0,0,0,0,-3.74155115423491e-06,1
			} 
		}
		PoseNode:  {
			Node: 1944819142720
			Matrix: *16 {
				a: -5.11434868251132e-14,1,-1.62920684942947e-07,0,1.50995788317232e-07,1.62920684942947e-07,1,0,1,2.65431495955881e-14,-1.50995788317232e-07,0,-3.89740149875362e-12,51.7174186706543,-1.34858055389486e-05,1
			} 
		}
		PoseNode:  {
			Node: 1943512086544
			Matrix: *16 {
				a: 5.20732737641083e-06,0.982222437858582,0.187720581889153,0,-1.45497961057117e-06,-0.187720581889153,0.982222437858582,0,1,-5.38787162440713e-06,4.51590437933191e-07,0,3.25907052456387e-07,54.8747482299805,-7.45597791671753,1
			} 
		}
		PoseNode:  {
			Node: 1943512084352
			Matrix: *16 {
				a: 5.38199356014957e-06,0.998553216457367,0.0537737309932709,0,-7.38885660211963e-07,-0.0537737309932709,0.998553216457367,0,1,-5.41392728337087e-06,4.48404790631685e-07,0,5.44658323633485e-05,65.0867919921875,-5.50427055358887,1
			} 
		}
		PoseNode:  {
			Node: 1943512073392
			Matrix: *16 {
				a: -5.11434868251132e-14,1,-1.62920684942947e-07,0,1.50995788317232e-07,1.62920684942947e-07,1,0,1,2.65431495955881e-14,-1.50995788317232e-07,0,0.000118558622489218,76.9783096313477,-4.86389303207397,1
			} 
		}
		PoseNode:  {
			Node: 1943512077776
			Matrix: *16 {
				a: -1.39756819450554e-08,0.947511315345764,0.319722294807434,0,1.5329021607613e-07,-0.319722294807434,0.947511315345764,0,1,6.22525320181921e-08,-1.40775810564264e-07,0,0.000118600815767422,83.6292877197266,-5.82912063598633,1
			} 
		}
		PoseNode:  {
			Node: 1943512082160
			Matrix: *16 {
				a: -5.11434868251132e-14,1,-1.62920684942947e-07,0,1.50995788317232e-07,1.62920684942947e-07,1,0,1,2.65431495955881e-14,-1.50995788317232e-07,0,0.000118436611955985,94.7620697021484,-2.07254338264465,1
			} 
		}
		PoseNode:  {
			Node: 1943512088736
			Matrix: *16 {
				a: 0.9969162940979,0.0321945659816265,-0.0715642720460892,0,0.0705249309539795,0.0323377698659897,0.996985733509064,0,0.0344117507338524,-0.998958349227905,0.0299675259739161,0,37.9322738647461,74.5101623535156,-0.136992931365967,1
			} 
		}
		PoseNode:  {
			Node: 1943512075584
			Matrix: *16 {
				a: 0.997772455215454,-0.0598069429397583,0.0295500066131353,0,-0.0293500758707523,0.00421879254281521,0.999560296535492,0,-0.0599053129553795,-0.998201012611389,0.00245404988527298,0,52.5562553405762,74.9824295043945,-1.1867847442627,1
			} 
		}
		PoseNode:  {
			Node: 1943512090928
			Matrix: *16 {
				a: 0.999721527099609,-0.0235965251922607,2.05997639568523e-06,0,0.0235965624451637,0.999721527099609,2.23051756620407e-07,0,2.11704173125327e-06,-1.67638063430786e-08,1,0,69.2602691650391,73.9811859130859,-0.692079067230225,1
			} 
		}
		PoseNode:  {
			Node: 1943512093120
			Matrix: *16 {
				a: 0.46010833978653,-0.636543989181519,0.618962287902832,0,0.234959661960602,0.759576737880707,0.606496810913086,0,-0.856209099292755,-0.133623257279396,0.499046236276627,0,72.9372024536133,73.1003646850586,8.37635040283203,1
			} 
		}
		PoseNode:  {
			Node: 1943512079968
			Matrix: *16 {
				a: 0.591207921504974,-0.472796320915222,0.653406262397766,0,0.141348570585251,0.858354389667511,0.493202865123749,0,-0.794036149978638,-0.199227601289749,0.57429176568985,0,74.3175277709961,71.1907348632812,10.2332372665405,1
			} 
		}
		PoseNode:  {
			Node: 1943512095312
			Matrix: *16 {
				a: 0.460108309984207,-0.636543989181519,0.618962228298187,0,0.234959661960602,0.759576737880707,0.606496870517731,0,-0.85620903968811,-0.133623272180557,0.499046266078949,0,76.7054214477539,69.2811050415039,12.872353553772,1
			} 
		}
		PoseNode:  {
			Node: 1943512097504
			Matrix: *16 {
				a: 0.861173033714294,-0.508311867713928,4.87116267322563e-07,0,0.508311867713928,0.861173033714294,-4.07714651373681e-07,0,3.50755294675764e-06,-1.29429793105373e-06,1,0,82.135368347168,73.6772918701172,-0.6920525431633,1
			} 
		}
		PoseNode:  {
			Node: 1943512099696
			Matrix: *16 {
				a: 0.728973567485809,-0.684541821479797,2.91889045911375e-06,0,0.684541821479797,0.728973567485809,2.13392695513903e-07,0,1.44592900142015e-06,-5.04734316564281e-08,1,0,85.9046401977539,71.4524612426758,-0.692050397396088,1
			} 
		}
		PoseNode:  {
			Node: 1943512101888
			Matrix: *16 {
				a: 0.690224528312683,-0.723595261573792,1.81908342256065e-06,0,0.723595261573792,0.690224528312683,2.25484882321325e-07,0,2.30106320486811e-06,-7.32372825495986e-07,1,0,89.4315567016602,68.1405181884766,-0.692036271095276,1
			} 
		}
		PoseNode:  {
			Node: 1945561541440
			Matrix: *16 {
				a: -0.9969162940979,0.0321943908929825,-0.0715639665722847,0,-0.0705246403813362,0.0323377549648285,0.996985733509064,0,0.0344115644693375,0.998958349227905,-0.0299675390124321,0,-37.9320373535156,74.5101547241211,-0.13698148727417,1
			} 
		}
		PoseNode:  {
			Node: 1945561543632
			Matrix: *16 {
				a: -0.997772395610809,-0.0598071217536926,0.0295503064990044,0,0.0293503720313311,0.00421879626810551,0.999560296535492,0,-0.0599055029451847,0.998201012611389,-0.00245403125882149,0,-52.5560188293457,74.982421875,-1.18676888942719,1
			} 
		}
		PoseNode:  {
			Node: 1945561532672
			Matrix: *16 {
				a: -0.999721527099609,-0.0235967375338078,-1.81545328814536e-06,0,-0.0235967189073563,0.999721527099609,-1.81607902050018e-08,0,-2.3572938516736e-06,1.69500708580017e-07,-1,0,-69.2600326538086,73.9811706542969,-0.692058145999908,1
			} 
		}
		PoseNode:  {
			Node: 1945561537056
			Matrix: *16 {
				a: -0.460105717182159,-0.636543929576874,0.618960618972778,0,-0.234957069158554,0.759576320648193,0.606496036052704,0,-0.856211483478546,0.133622914552689,-0.499049514532089,0,-72.9369277954102,73.1003494262695,8.37635707855225,1
			} 
		}
		PoseNode:  {
			Node: 1945561539248
			Matrix: *16 {
				a: -0.591205239295959,-0.472796350717545,0.653404116630554,0,-0.141346454620361,0.858353912830353,0.493202418088913,0,-0.794038891792297,0.199227258563042,-0.574294805526733,0,-74.3172454833984,71.1907196044922,10.2332391738892,1
			} 
		}
		PoseNode:  {
			Node: 1945561534864
			Matrix: *16 {
				a: -0.460105717182159,-0.636543869972229,0.618960559368134,0,-0.234957084059715,0.759576261043549,0.606496095657349,0,-0.856211483478546,0.133622944355011,-0.499049484729767,0,-76.7051315307617,69.2810897827148,12.8723468780518,1
			} 
		}
		PoseNode:  {
			Node: 1945561530480
			Matrix: *16 {
				a: -0.86117297410965,-0.508312046527863,-3.42275643561152e-06,0,-0.508311986923218,0.861172914505005,-5.08156631440215e-07,0,-5.04872900819464e-07,-6.03600028625806e-07,-1,0,-82.1351318359375,73.6772766113281,-0.69208151102066,1
			} 
		}
		PoseNode:  {
			Node: 1945561554592
			Matrix: *16 {
				a: -0.728973507881165,-0.684542000293732,-8.74110128279426e-07,0,-0.684541940689087,0.72897344827652,-7.40730001780321e-07,0,-2.56649764196482e-06,-1.84742555120465e-06,-1,0,-85.9044036865234,71.4524459838867,-0.692096471786499,1
			} 
		}
		PoseNode:  {
			Node: 1945561545824
			Matrix: *16 {
				a: -0.690224468708038,-0.723595440387726,-1.91570529750607e-06,0,-0.723595380783081,0.690224409103394,-9.35787340949901e-07,0,-1.71136332483002e-06,-1.16552530471381e-06,-1,0,-89.4313201904297,68.1405029296875,-0.692100703716278,1
			} 
		}
		PoseNode:  {
			Node: 1945561550208
			Matrix: *16 {
				a: -7.3029202043301e-14,-1,2.50343475727277e-07,0,2.38418579101562e-07,-2.50343475727277e-07,-1,0,1,-1.33426628849253e-14,2.38418579101562e-07,0,-4.18298815724194e-12,47.8068389892578,-1.25068172565079e-05,1
			} 
		}
		PoseNode:  {
			Node: 1945561548016
			Matrix: *16 {
				a: -7.3029202043301e-14,-1,2.50343475727277e-07,0,2.38418579101562e-07,-2.50343475727277e-07,-1,0,1,-1.33426561086617e-14,2.38418579101562e-07,0,-4.95057163665824e-12,37.296199798584,-9.87554722087225e-06,1
			} 
		}
	}
	Material: 1942660660944, "Material::Material #44", "" {
		Version: 102
		ShadingModel: "unknown"
		MultiLayer: 0
		Properties70:  {
			P: "ShadingModel", "KString", "", "", "unknown"
			P: "AmbientColor", "ColorRGB", "Color", "",0.5,0.5,0.5
			P: "DiffuseColor", "ColorRGB", "Color", "",0.5,0.5,0.5
			P: "SpecularColor", "ColorRGB", "Color", "",0,0,0
			P: "SpecularFactor", "double", "Number", "",2
			P: "ShininessExponent", "double", "Number", "",1024
			P: "TransparencyFactor", "double", "Number", "",0
			P: "EmissiveColor", "ColorRGB", "Color", "",0,0,0
			P: "EmissiveFactor", "double", "Number", "",0
			P: "3dsMax", "Compound", "", ""
			P: "3dsMax|ClassIDa", "int", "Integer", "",1030429932
			P: "3dsMax|ClassIDb", "int", "Integer", "",-559038463
			P: "3dsMax|SuperClassID", "int", "Integer", "",3072
			P: "3dsMax|Parameters", "Compound", "", ""
			P: "3dsMax|ORIGINAL_MTL", "KString", "", "", "PHYSICAL_MTL"
			P: "3dsMax|Parameters|material_mode", "Integer", "", "A",2
			P: "3dsMax|Parameters|base_weight", "Float", "", "A",1
			P: "3dsMax|Parameters|base_color", "ColorAndAlpha", "", "A",0.5,0.5,0.5,1
			P: "3dsMax|Parameters|reflectivity", "Float", "", "A",0
			P: "3dsMax|Parameters|roughness", "Float", "", "A",0
			P: "3dsMax|Parameters|roughness_inv", "Bool", "", "A",0
			P: "3dsMax|Parameters|metalness", "Float", "", "A",0
			P: "3dsMax|Parameters|refl_color", "ColorAndAlpha", "", "A",1,1,1,1
			P: "3dsMax|Parameters|diff_roughness", "Float", "", "A",0
			P: "3dsMax|Parameters|brdf_mode", "Bool", "", "A",1
			P: "3dsMax|Parameters|brdf_low", "Float", "", "A",0.05
			P: "3dsMax|Parameters|brdf_high", "Float", "", "A",1
			P: "3dsMax|Parameters|brdf_curve", "Float", "", "A",5
			P: "3dsMax|Parameters|anisotropy", "Float", "", "A",0
			P: "3dsMax|Parameters|anisoangle", "Float", "", "A",0.25
			P: "3dsMax|Parameters|aniso_mode", "Integer", "", "A",0
			P: "3dsMax|Parameters|aniso_channel", "Integer", "", "A",0
			P: "3dsMax|Parameters|transparency", "Float", "", "A",0
			P: "3dsMax|Parameters|trans_color", "ColorAndAlpha", "", "A",1,1,1,1
			P: "3dsMax|Parameters|trans_depth", "Float", "", "A",0
			P: "3dsMax|Parameters|trans_roughness", "Float", "", "A",0
			P: "3dsMax|Parameters|trans_roughness_inv", "Bool", "", "A",0
			P: "3dsMax|Parameters|trans_roughness_lock", "Bool", "", "A",1
			P: "3dsMax|Parameters|trans_ior", "Float", "", "A",1.52
			P: "3dsMax|Parameters|thin_walled", "Bool", "", "A",0
			P: "3dsMax|Parameters|dispersion", "Float", "", "A",0
			P: "3dsMax|Parameters|trans_scatter_color", "ColorAndAlpha", "", "A",0,0,0,1
			P: "3dsMax|Parameters|trans_scatter_aniso", "Float", "", "A",0
			P: "3dsMax|Parameters|scattering", "Float", "", "A",0
			P: "3dsMax|Parameters|sss_color", "ColorAndAlpha", "", "A",1,1,1,1
			P: "3dsMax|Parameters|sss_depth", "Float", "", "A",10
			P: "3dsMax|Parameters|sss_scale", "Float", "", "A",1
			P: "3dsMax|Parameters|sss_scatter_color", "ColorAndAlpha", "", "A",79.4703826904297,53.1733741760254,29.2854118347168,1
			P: "3dsMax|Parameters|emission", "Float", "", "A",1
			P: "3dsMax|Parameters|emit_color", "ColorAndAlpha", "", "A",0,0,0,1
			P: "3dsMax|Parameters|emit_luminance", "Float", "", "A",1500
			P: "3dsMax|Parameters|emit_kelvin", "Float", "", "A",6500
			P: "3dsMax|Parameters|coating", "Float", "", "A",0
			P: "3dsMax|Parameters|coat_color", "ColorAndAlpha", "", "A",1,1,1,1
			P: "3dsMax|Parameters|coat_roughness", "Float", "", "A",0
			P: "3dsMax|Parameters|coat_roughness_inv", "Bool", "", "A",0
			P: "3dsMax|Parameters|coat_affect_color", "Float", "", "A",0.5
			P: "3dsMax|Parameters|coat_affect_roughness", "Float", "", "A",0.5
			P: "3dsMax|Parameters|coat_ior", "Float", "", "A",1.52
			P: "3dsMax|Parameters|coat_anisotropy", "Float", "", "A",0
			P: "3dsMax|Parameters|coat_anisoangle", "Float", "", "A",0.25
			P: "3dsMax|Parameters|sheen", "Float", "", "A",0
			P: "3dsMax|Parameters|sheen_color", "ColorAndAlpha", "", "A",1,1,1,1
			P: "3dsMax|Parameters|sheen_roughness", "Float", "", "A",0.3
			P: "3dsMax|Parameters|thin_film", "Float", "", "A",0
			P: "3dsMax|Parameters|thin_film_thickness", "Float", "", "A",0
			P: "3dsMax|Parameters|thin_film_ior", "Float", "", "A",1.3
			P: "3dsMax|Parameters|base_weight_map", "Reference", "", "A"
			P: "3dsMax|Parameters|base_color_map", "Reference", "", "A"
			P: "3dsMax|Parameters|reflectivity_map", "Reference", "", "A"
			P: "3dsMax|Parameters|refl_color_map", "Reference", "", "A"
			P: "3dsMax|Parameters|roughness_map", "Reference", "", "A"
			P: "3dsMax|Parameters|metalness_map", "Reference", "", "A"
			P: "3dsMax|Parameters|diff_rough_map", "Reference", "", "A"
